4 0.498573 0.254639 0.517182 0.255639 0.513234 0.545380 0.512104 0.605537 0.493495 0.606537
1 0.682063 0.310037 0.712615 0.310037 0.715396 0.516213 0.708448 0.601398 0.679281 0.596454 0.682755 0.511269
0 0.470078 0.251185 0.491354 0.251185 0.487365 0.534870 0.490026 0.601065 0.468750 0.602250
6 0.600599 0.353306 0.620365 0.353306 0.623464 0.566167 0.621526 0.597167 0.599438 0.593028 0.603312 0.546880
6 0.622177 0.353509 0.644010 0.353509 0.646177 0.396176 0.646609 0.563380 0.644010 0.599130 0.621958 0.596435 0.623688 0.566843
0 0.421542 0.247639 0.442818 0.247639 0.438828 0.531324 0.441490 0.597519 0.420214 0.598694
2 0.207115 0.067380 0.219083 0.048463 0.796875 0.048463 0.814161 0.073287 0.830786 0.754139 0.804854 0.861704 0.205120 0.854611 0.183844 0.764778
3 0.409802 0.351389 0.420219 0.352630 0.416052 0.536574 0.418828 0.597074 0.406328 0.595833 0.403552 0.541519 0.404245 0.521759
3 0.713193 0.357407 0.720833 0.357407 0.723609 0.538889 0.718057 0.593213 0.708333 0.589509 0.713891 0.532713
7 0.721526 0.323454 0.800693 0.324694 0.809724 0.583954 0.799307 0.641972 0.716667 0.640741 0.723609 0.582713
7 0.517646 0.290287 0.600708 0.291722 0.602323 0.551213 0.600708 0.605694 0.516031 0.605694
4 0.448141 0.248222 0.468083 0.249407 0.464760 0.543731 0.464094 0.609926 0.441490 0.605204 0.441490 0.540185
1 0.645833 0.313583 0.676391 0.313583 0.679167 0.519750 0.672224 0.604935 0.643057 0.600000 0.646526 0.514815
