0 0.422870 0.253546 0.444146 0.253546 0.440156 0.537231 0.442818 0.603426 0.421542 0.604611
3 0.713193 0.361111 0.720833 0.361111 0.723609 0.542593 0.718057 0.596917 0.708333 0.593213 0.713891 0.536417
7 0.721526 0.323454 0.800693 0.324694 0.809724 0.583954 0.799307 0.641972 0.716667 0.640741 0.723609 0.582713
2 0.207115 0.067380 0.219083 0.048463 0.796875 0.048463 0.814161 0.073287 0.830786 0.754139 0.804854 0.861704 0.205120 0.854611 0.183844 0.764778
1 0.681411 0.314667 0.711964 0.314667 0.714745 0.520843 0.707797 0.606028 0.678630 0.601083 0.682104 0.515898
6 0.622177 0.357796 0.644016 0.357796 0.646177 0.400463 0.646609 0.567667 0.644016 0.603417 0.621958 0.600722 0.623688 0.571130
0 0.471406 0.254731 0.492688 0.254731 0.488698 0.538417 0.491354 0.604611 0.470078 0.605796
6 0.600214 0.357435 0.619974 0.357435 0.623078 0.570296 0.621141 0.601296 0.599052 0.597167 0.602927 0.551009
4 0.499719 0.253148 0.518328 0.254157 0.514380 0.543898 0.513250 0.604056 0.494641 0.605056
3 0.410125 0.356602 0.420542 0.357833 0.416375 0.541787 0.419156 0.602278 0.406656 0.601046 0.403875 0.546722 0.404573 0.526972
1 0.645833 0.316046 0.676391 0.316046 0.679167 0.522222 0.672224 0.607407 0.643057 0.602472 0.646526 0.517287
7 0.516313 0.292648 0.599380 0.294083 0.600990 0.553583 0.599380 0.608065 0.514703 0.608065
4 0.448135 0.252954 0.468083 0.254139 0.464760 0.548463 0.464094 0.614657 0.441490 0.609926 0.441490 0.544917
