1 0.682385 0.304250 0.712943 0.304250 0.715719 0.510426 0.708776 0.595611 0.679609 0.590667 0.683078 0.505481
4 0.448802 0.243500 0.468750 0.244685 0.465427 0.539009 0.464760 0.605204 0.442151 0.600472 0.442151 0.535463
1 0.646526 0.303704 0.677083 0.303704 0.679859 0.509880 0.672917 0.595065 0.643750 0.590120 0.647224 0.504935
3 0.410453 0.349074 0.420870 0.350315 0.416703 0.534259 0.419479 0.594759 0.406979 0.593519 0.404203 0.539204 0.404896 0.519444
4 0.499135 0.243602 0.517745 0.244611 0.513797 0.534352 0.512672 0.594509 0.494063 0.595509
2 0.207115 0.067380 0.219083 0.048463 0.796875 0.048463 0.814161 0.073287 0.830786 0.754139 0.804854 0.861704 0.205120 0.854611 0.183844 0.764778
7 0.721526 0.316046 0.800693 0.317287 0.809724 0.576546 0.799307 0.634565 0.716667 0.633333 0.723609 0.575306
3 0.713891 0.350000 0.721526 0.350000 0.724307 0.531481 0.718750 0.585806 0.709026 0.582102 0.714583 0.525306
0 0.422870 0.245269 0.444146 0.245269 0.440156 0.528963 0.442818 0.595157 0.421542 0.596333
7 0.518974 0.300926 0.602036 0.302361 0.603651 0.561852 0.602036 0.616333 0.517359 0.616333
6 0.602536 0.349167 0.622302 0.349167 0.625401 0.562028 0.623464 0.593028 0.601375 0.588898 0.605250 0.542741
6 0.622979 0.347796 0.644818 0.347796 0.646979 0.390463 0.647411 0.557667 0.644818 0.593417 0.622760 0.590722 0.624495 0.561130
0 0.474495 0.247778 0.495771 0.247778 0.491781 0.531463 0.494443 0.597657 0.473167 0.598843
