6 0.600990 0.353306 0.620750 0.353306 0.623849 0.566167 0.621911 0.597167 0.599828 0.593028 0.603703 0.546880
3 0.713193 0.353704 0.720833 0.353704 0.723609 0.535185 0.718057 0.589509 0.708333 0.585806 0.713891 0.529009
6 0.622177 0.353509 0.644010 0.353509 0.646177 0.396176 0.646609 0.563380 0.644010 0.599130 0.621958 0.596435 0.623688 0.566843
7 0.721526 0.323454 0.800693 0.324694 0.809724 0.583954 0.799307 0.641972 0.716667 0.640741 0.723609 0.582713
2 0.207115 0.067380 0.219083 0.048463 0.796875 0.048463 0.814161 0.073287 0.830786 0.754139 0.804854 0.861704 0.205120 0.854611 0.183844 0.764778
0 0.421542 0.247639 0.442818 0.247639 0.438828 0.531324 0.441490 0.597519 0.420214 0.598694
4 0.450130 0.247046 0.470078 0.248222 0.466755 0.542556 0.466089 0.608750 0.443484 0.604019 0.443484 0.539009
1 0.682063 0.309454 0.712615 0.309454 0.715396 0.515630 0.708448 0.600815 0.679281 0.595880 0.682755 0.510694
3 0.409802 0.351389 0.420219 0.352630 0.416052 0.536574 0.418828 0.597074 0.406328 0.595833 0.403552 0.541519 0.404245 0.521759
0 0.474734 0.250000 0.496010 0.250000 0.492021 0.533685 0.494682 0.599880 0.473406 0.601065
1 0.645833 0.311111 0.676391 0.311111 0.679167 0.517287 0.672224 0.602472 0.643057 0.597528 0.646526 0.512343
4 0.498573 0.254639 0.517182 0.255639 0.513234 0.545380 0.512104 0.605537 0.493495 0.606537
7 0.518307 0.279648 0.601375 0.281083 0.602984 0.540574 0.601375 0.595056 0.516698 0.595056
