2 0.207115 0.067380 0.219083 0.048463 0.796875 0.048463 0.814161 0.073287 0.830786 0.754139 0.804854 0.861704 0.205120 0.854611 0.183844 0.764778
3 0.410125 0.356019 0.420542 0.357259 0.416375 0.541204 0.419156 0.601704 0.406656 0.600463 0.403875 0.546148 0.404573 0.526389
7 0.516313 0.292648 0.599380 0.294083 0.600990 0.553583 0.599380 0.608065 0.514703 0.608065
6 0.600599 0.353991 0.620365 0.353991 0.623464 0.566852 0.621526 0.597852 0.599438 0.593722 0.603312 0.547565
6 0.622177 0.353509 0.644010 0.353509 0.646177 0.396176 0.646609 0.563380 0.644010 0.599130 0.621958 0.596435 0.623688 0.566843
4 0.498573 0.254639 0.517182 0.255639 0.513234 0.545380 0.512104 0.605537 0.493495 0.606537
1 0.645833 0.313583 0.676391 0.313583 0.679167 0.519750 0.672224 0.604935 0.643057 0.600000 0.646526 0.514815
1 0.683036 0.312926 0.713589 0.312926 0.716370 0.519102 0.709422 0.604287 0.680255 0.599352 0.683729 0.514167
0 0.471406 0.254731 0.492688 0.254731 0.488698 0.538417 0.491354 0.604611 0.470078 0.605796
7 0.721526 0.323454 0.800693 0.324694 0.809724 0.583954 0.799307 0.641972 0.716667 0.640741 0.723609 0.582713
3 0.713193 0.352472 0.720833 0.352472 0.723609 0.533954 0.718057 0.588269 0.708333 0.584565 0.713891 0.527778
0 0.421542 0.254731 0.442818 0.254731 0.438828 0.538417 0.441490 0.604611 0.420214 0.605796
4 0.448141 0.252954 0.468083 0.254139 0.464760 0.548463 0.464094 0.614657 0.441490 0.609926 0.441490 0.544917
