6 0.600214 0.349167 0.619974 0.349167 0.623078 0.562028 0.621141 0.593028 0.599052 0.588898 0.602927 0.542741
0 0.416224 0.252361 0.437500 0.252361 0.433510 0.536056 0.436172 0.602241 0.414891 0.603426
7 0.721526 0.316046 0.800693 0.317287 0.809724 0.576546 0.799307 0.634565 0.716667 0.633333 0.723609 0.575306
3 0.713193 0.348769 0.720833 0.348769 0.723609 0.530250 0.718057 0.584565 0.708333 0.580861 0.713891 0.524074
1 0.646526 0.303704 0.677083 0.303704 0.679859 0.509880 0.672917 0.595065 0.643750 0.590120 0.647224 0.504935
7 0.519458 0.303528 0.601807 0.308157 0.595625 0.571444 0.591719 0.626417 0.508391 0.621787
3 0.406219 0.342713 0.416635 0.343944 0.412469 0.527898 0.415250 0.588389 0.402750 0.587157 0.399969 0.532833 0.400667 0.513083
0 0.479422 0.240750 0.496349 0.240750 0.485281 0.519657 0.484958 0.593722 0.466078 0.594296 0.465427 0.522546
4 0.499135 0.244611 0.517745 0.245611 0.513797 0.535361 0.512672 0.595509 0.494063 0.596519
1 0.682385 0.304250 0.712943 0.304250 0.715719 0.510426 0.708776 0.595611 0.679609 0.590667 0.683078 0.505481
6 0.622979 0.347796 0.644818 0.347796 0.646979 0.390463 0.647411 0.557667 0.644818 0.593417 0.622760 0.590722 0.624495 0.561130
2 0.207115 0.067380 0.219083 0.048463 0.796875 0.048463 0.814161 0.073287 0.830786 0.754139 0.804854 0.861704 0.205120 0.854611 0.183844 0.764778
4 0.446141 0.243500 0.466089 0.244685 0.462766 0.539009 0.462099 0.605204 0.439495 0.600472 0.439495 0.535463
