1 0.645141 0.309880 0.675693 0.309880 0.678474 0.516046 0.671526 0.601231 0.642359 0.596296 0.645833 0.511111
7 0.719443 0.322222 0.798609 0.323454 0.807641 0.582713 0.797224 0.640741 0.714583 0.639509 0.721526 0.581481
0 0.471411 0.254731 0.492688 0.254731 0.488698 0.538417 0.491354 0.604611 0.470078 0.605796
7 0.515651 0.286741 0.598714 0.288176 0.600328 0.547667 0.598714 0.602148 0.514036 0.602148
1 0.682063 0.312926 0.712615 0.312926 0.715396 0.519102 0.708448 0.604287 0.679281 0.599352 0.682755 0.514167
6 0.620568 0.354944 0.642406 0.354944 0.644568 0.397602 0.645000 0.564806 0.642406 0.600556 0.620354 0.597861 0.622083 0.568269
2 0.207115 0.067380 0.219083 0.048463 0.796875 0.048463 0.814161 0.073287 0.830786 0.754139 0.804854 0.861704 0.205120 0.854611 0.183844 0.764778
4 0.496318 0.253130 0.513797 0.254130 0.515490 0.568944 0.517745 0.620074 0.498010 0.617065 0.494063 0.550898
6 0.599828 0.353991 0.619589 0.353991 0.622687 0.566852 0.620750 0.597852 0.598667 0.593722 0.602542 0.547565
4 0.446807 0.251769 0.466755 0.252954 0.463432 0.547278 0.462766 0.613472 0.440161 0.608750 0.440161 0.543731
0 0.420214 0.254731 0.441490 0.254731 0.437500 0.538417 0.440161 0.604611 0.418880 0.605796
3 0.713193 0.356176 0.720833 0.356176 0.723609 0.537657 0.718057 0.591972 0.708333 0.588269 0.713891 0.531481
