7 0.722917 0.324694 0.802083 0.325926 0.811109 0.585185 0.800693 0.643213 0.718057 0.641972 0.725000 0.583954
1 0.682198 0.312944 0.712750 0.312944 0.715531 0.519120 0.708583 0.604306 0.679417 0.599370 0.682891 0.514185
1 0.646953 0.310583 0.677510 0.310583 0.680286 0.516759 0.673344 0.601944 0.644177 0.597009 0.647651 0.511824
0 0.420214 0.246454 0.441490 0.246454 0.437500 0.530139 0.440161 0.596333 0.418880 0.597519
3 0.714750 0.356185 0.719958 0.355028 0.721260 0.367759 0.724193 0.498537 0.720286 0.518204 0.722240 0.559296 0.718625 0.588806 0.708891 0.587065 0.711495 0.567389 0.714750 0.521102 0.715729 0.493907 0.716052 0.466713 0.715078 0.426778 0.713448 0.422157
6 0.621823 0.352000 0.643521 0.353380 0.646234 0.562796 0.642745 0.598611 0.621823 0.595861 0.624146 0.559352
3 0.408172 0.351972 0.418589 0.353204 0.414422 0.537157 0.417203 0.597648 0.404703 0.596417 0.401922 0.542093 0.402620 0.522343
2 0.207115 0.067380 0.219083 0.048463 0.796875 0.048463 0.814161 0.073287 0.830786 0.754139 0.804854 0.861704 0.205120 0.854611 0.183844 0.764778
4 0.447703 0.248000 0.468208 0.249731 0.458771 0.532694 0.459745 0.608491 0.440870 0.607917 0.438266 0.539056
4 0.498010 0.246611 0.516620 0.247620 0.512672 0.537361 0.511542 0.597519 0.492932 0.598519
6 0.600016 0.350398 0.621500 0.352713 0.623776 0.482333 0.622151 0.569704 0.619870 0.601537 0.597740 0.598065 0.600667 0.572602
7 0.516313 0.298556 0.599380 0.299991 0.600990 0.559491 0.599380 0.613972 0.514703 0.613972
0 0.470745 0.250000 0.492021 0.250000 0.488031 0.533685 0.490693 0.599880 0.469417 0.601065
