6 0.622516 0.347065 0.644214 0.348444 0.646927 0.557852 0.643443 0.593676 0.622516 0.590926 0.624844 0.554407
7 0.720833 0.317287 0.800000 0.318519 0.809026 0.577778 0.798609 0.635806 0.715974 0.634565 0.722917 0.576546
0 0.425573 0.242213 0.442823 0.242213 0.432078 0.518806 0.434682 0.587667 0.413854 0.595769 0.411250 0.520537 0.414828 0.394398
1 0.648953 0.302315 0.679505 0.302315 0.682286 0.508481 0.675339 0.593667 0.646172 0.588731 0.649646 0.503546
7 0.520109 0.301796 0.602458 0.306426 0.596276 0.569704 0.592370 0.624676 0.509042 0.620046
4 0.509224 0.595769 0.489693 0.592296 0.501411 0.241056 0.522240 0.242213
2 0.207115 0.067380 0.219083 0.048463 0.796875 0.048463 0.814161 0.073287 0.830786 0.754139 0.804854 0.861704 0.205120 0.854611 0.183844 0.764778
3 0.714750 0.348083 0.719958 0.346926 0.721260 0.359657 0.724193 0.490435 0.720286 0.510111 0.722240 0.551194 0.718625 0.580704 0.708891 0.578963 0.711495 0.559296 0.714750 0.513000 0.715729 0.485806 0.716052 0.458611 0.715078 0.418685 0.713448 0.414056
4 0.456479 0.594880 0.436948 0.591407 0.448667 0.240167 0.469495 0.241324
0 0.477797 0.241324 0.494719 0.241324 0.483656 0.520231 0.483328 0.594296 0.464453 0.594880 0.463802 0.523130
6 0.600344 0.347509 0.621823 0.349824 0.624104 0.479435 0.622474 0.566815 0.620198 0.598639 0.598062 0.595167 0.600995 0.569704
3 0.405568 0.342130 0.415984 0.343370 0.411818 0.527315 0.414599 0.587815 0.402099 0.586574 0.399318 0.532259 0.400016 0.512500
1 0.682198 0.301130 0.712750 0.301130 0.715531 0.507306 0.708583 0.592491 0.679417 0.587546 0.682891 0.502361
