3 0.714750 0.356185 0.719958 0.355028 0.721260 0.367759 0.724193 0.498537 0.720286 0.518204 0.722240 0.559296 0.718625 0.588806 0.708891 0.587065 0.711495 0.567389 0.714750 0.521102 0.715729 0.493907 0.716052 0.466713 0.715078 0.426778 0.713448 0.422157
6 0.622516 0.356944 0.644214 0.358315 0.646927 0.567731 0.643443 0.603556 0.622516 0.600796 0.624844 0.564287
0 0.419547 0.254731 0.440823 0.254731 0.436833 0.538417 0.439495 0.604611 0.418219 0.605796
7 0.722917 0.323454 0.802083 0.324694 0.811109 0.583954 0.800693 0.641972 0.718057 0.640741 0.725000 0.582713
0 0.472073 0.253546 0.493349 0.253546 0.489359 0.537231 0.492021 0.603426 0.470745 0.604611
1 0.682063 0.315824 0.712615 0.315824 0.715396 0.522000 0.708448 0.607185 0.679281 0.602241 0.682755 0.517056
1 0.646526 0.317287 0.677083 0.317287 0.679859 0.523454 0.672917 0.608639 0.643750 0.603704 0.647224 0.518519
4 0.498010 0.254639 0.516620 0.255639 0.512672 0.545380 0.511542 0.605537 0.492932 0.606537
7 0.517646 0.297380 0.600708 0.298815 0.602323 0.558306 0.600708 0.612787 0.516031 0.612787
3 0.410125 0.354861 0.420542 0.356102 0.416375 0.540046 0.419156 0.600546 0.406656 0.599306 0.403875 0.544991 0.404573 0.525231
6 0.600995 0.356769 0.622474 0.359083 0.624755 0.488694 0.623125 0.576074 0.620849 0.607898 0.598714 0.604426 0.601646 0.578963
2 0.207115 0.067380 0.219083 0.048463 0.796875 0.048463 0.814161 0.073287 0.830786 0.754139 0.804854 0.861704 0.205120 0.854611 0.183844 0.764778
4 0.449318 0.250009 0.469823 0.251741 0.460380 0.534704 0.461359 0.610500 0.442479 0.609926 0.439875 0.541065
