3 0.714750 0.356185 0.719958 0.355028 0.721260 0.367759 0.724193 0.498537 0.720286 0.518204 0.722240 0.559296 0.718625 0.588806 0.708891 0.587065 0.711495 0.567389 0.714750 0.521102 0.715729 0.493907 0.716052 0.466713 0.715078 0.426778 0.713448 0.422157
0 0.472740 0.255907 0.494016 0.255907 0.490026 0.539602 0.492688 0.605787 0.471411 0.606972
4 0.499135 0.248620 0.517745 0.249620 0.513797 0.539370 0.512672 0.599519 0.494063 0.600528
4 0.450943 0.250009 0.471448 0.251741 0.462010 0.534704 0.462984 0.610500 0.444109 0.609926 0.441505 0.541065
7 0.516979 0.282009 0.600042 0.283444 0.601656 0.542944 0.600042 0.597426 0.515365 0.597426
0 0.419547 0.254731 0.440823 0.254731 0.436833 0.538417 0.439495 0.604611 0.418219 0.605796
1 0.646953 0.310583 0.677510 0.310583 0.680286 0.516759 0.673344 0.601944 0.644177 0.597009 0.647651 0.511824
1 0.682198 0.312944 0.712750 0.312944 0.715531 0.519120 0.708583 0.604306 0.679417 0.599370 0.682891 0.514185
6 0.621823 0.353241 0.643521 0.354611 0.646234 0.564028 0.642745 0.599852 0.621823 0.597093 0.624146 0.560583
2 0.207115 0.067380 0.219083 0.048463 0.796875 0.048463 0.814161 0.073287 0.830786 0.754139 0.804854 0.861704 0.205120 0.854611 0.183844 0.764778
7 0.722917 0.324694 0.802083 0.325926 0.811109 0.585185 0.800693 0.643213 0.718057 0.641972 0.725000 0.583954
3 0.409151 0.356019 0.419568 0.357259 0.415401 0.541204 0.418177 0.601704 0.405677 0.600463 0.402901 0.546148 0.403594 0.526389
6 0.600016 0.354454 0.621500 0.356769 0.623776 0.486380 0.622151 0.573759 0.619870 0.605583 0.597740 0.602111 0.600667 0.576648
