6 0.600344 0.351556 0.621823 0.353870 0.624104 0.483491 0.622474 0.570861 0.620198 0.602694 0.598062 0.599222 0.600995 0.573759
1 0.645833 0.311111 0.676391 0.311111 0.679167 0.517287 0.672224 0.602472 0.643057 0.597528 0.646526 0.512343
7 0.721526 0.323454 0.800693 0.324694 0.809724 0.583954 0.799307 0.641972 0.716667 0.640741 0.723609 0.582713
0 0.472073 0.253546 0.493349 0.253546 0.489359 0.537231 0.492021 0.603426 0.470745 0.604611
1 0.681411 0.312352 0.711964 0.312352 0.714745 0.518528 0.707797 0.603713 0.678630 0.598769 0.682104 0.513583
4 0.497443 0.253630 0.516052 0.254639 0.512104 0.544380 0.510979 0.604537 0.492370 0.605537
3 0.713313 0.358454 0.720953 0.358454 0.723729 0.539935 0.718172 0.594259 0.708453 0.590556 0.714005 0.533769
6 0.621125 0.350769 0.642828 0.352148 0.645542 0.561556 0.642052 0.597380 0.621125 0.594630 0.623453 0.558111
2 0.207115 0.067380 0.219083 0.048463 0.796875 0.048463 0.814161 0.073287 0.830786 0.754139 0.804854 0.861704 0.205120 0.854611 0.183844 0.764778
7 0.516979 0.282009 0.600042 0.283444 0.601656 0.542944 0.600042 0.597426 0.515365 0.597426
