7 0.720833 0.324694 0.800000 0.325926 0.809026 0.585185 0.798609 0.643213 0.715974 0.641972 0.722917 0.583954
0 0.472073 0.253546 0.493349 0.253546 0.489359 0.537231 0.492021 0.603426 0.470745 0.604611
7 0.515651 0.290287 0.598714 0.291722 0.600328 0.551213 0.598714 0.605694 0.514036 0.605694
6 0.622516 0.353241 0.644214 0.354611 0.646927 0.564028 0.643443 0.599852 0.622516 0.597093 0.624844 0.560583
6 0.600667 0.355611 0.622151 0.357926 0.624427 0.487537 0.622802 0.574917 0.620521 0.606741 0.598391 0.603269 0.601318 0.577806
4 0.497443 0.253630 0.516052 0.254639 0.512104 0.544380 0.510979 0.604537 0.492370 0.605537
3 0.714750 0.356185 0.719958 0.355028 0.721260 0.367759 0.724193 0.498537 0.720286 0.518204 0.722240 0.559296 0.718625 0.588806 0.708891 0.587065 0.711495 0.567389 0.714750 0.521102 0.715729 0.493907 0.716052 0.466713 0.715078 0.426778 0.713448 0.422157
1 0.646526 0.314815 0.677083 0.314815 0.679859 0.520991 0.672917 0.606176 0.643750 0.601231 0.647224 0.516046
2 0.207115 0.067380 0.219083 0.048463 0.796875 0.048463 0.814161 0.073287 0.830786 0.754139 0.804854 0.861704 0.205120 0.854611 0.183844 0.764778
0 0.419547 0.254731 0.440823 0.254731 0.436833 0.538417 0.439495 0.604611 0.418219 0.605796
3 0.410125 0.354861 0.420542 0.356102 0.416375 0.540046 0.419156 0.600546 0.406656 0.599306 0.403875 0.544991 0.404573 0.525231
4 0.447052 0.254361 0.468208 0.254944 0.465932 0.547741 0.466552 0.608491 0.445099 0.609074 0.443797 0.547741
1 0.682063 0.315824 0.712615 0.315824 0.715396 0.522000 0.708448 0.607185 0.679281 0.602241 0.682755 0.517056
