6 0.622516 0.349537 0.644214 0.350907 0.646927 0.560324 0.643443 0.596148 0.622516 0.593389 0.624844 0.556880
3 0.714750 0.348083 0.719958 0.346926 0.721260 0.359657 0.724193 0.490435 0.720286 0.510111 0.722240 0.551194 0.718625 0.580704 0.708891 0.578963 0.711495 0.559296 0.714750 0.513000 0.715729 0.485806 0.716052 0.458611 0.715078 0.418685 0.713448 0.414056
1 0.648286 0.305861 0.678844 0.305861 0.681620 0.512028 0.674677 0.597213 0.645510 0.592278 0.648979 0.507093
1 0.682193 0.305861 0.712750 0.305861 0.715526 0.512028 0.708583 0.597213 0.679417 0.592278 0.682891 0.507093
0 0.420880 0.251185 0.442156 0.251185 0.438167 0.534870 0.440823 0.601065 0.419547 0.602250
0 0.473401 0.246454 0.494682 0.246454 0.490693 0.530139 0.493349 0.596333 0.472073 0.597519
7 0.518974 0.302102 0.602036 0.303537 0.603651 0.563037 0.602036 0.617519 0.517359 0.617519
4 0.450688 0.244463 0.469297 0.245463 0.465349 0.535213 0.464219 0.595370 0.445609 0.596370
4 0.500266 0.244611 0.518875 0.245611 0.514927 0.535361 0.513797 0.595509 0.495188 0.596519
6 0.602948 0.346352 0.624427 0.348667 0.626708 0.478278 0.625078 0.565657 0.622802 0.597481 0.600667 0.594009 0.603599 0.568546
2 0.207115 0.067380 0.219083 0.048463 0.796875 0.048463 0.814161 0.073287 0.830786 0.754139 0.804854 0.861704 0.205120 0.854611 0.183844 0.764778
7 0.723609 0.318519 0.802776 0.319750 0.811807 0.579009 0.801391 0.637037 0.718750 0.635806 0.725693 0.577778
3 0.411104 0.350231 0.421521 0.351472 0.417354 0.535417 0.420130 0.595917 0.407630 0.594676 0.404854 0.540361 0.405547 0.520602
