7 0.515651 0.286741 0.598714 0.288176 0.600328 0.547667 0.598714 0.602148 0.514036 0.602148
1 0.645833 0.312343 0.676391 0.312343 0.679167 0.518519 0.672224 0.603704 0.643057 0.598769 0.646526 0.513583
3 0.713193 0.356176 0.720833 0.356176 0.723609 0.537657 0.718057 0.591972 0.708333 0.588269 0.713891 0.531481
7 0.719443 0.322222 0.798609 0.323454 0.807641 0.582713 0.797224 0.640741 0.714583 0.639509 0.721526 0.581481
3 0.409151 0.358333 0.419568 0.359574 0.415401 0.543519 0.418177 0.604019 0.405677 0.602778 0.402901 0.548463 0.403594 0.528704
1 0.681411 0.314667 0.711964 0.314667 0.714745 0.520843 0.707797 0.606028 0.678630 0.601083 0.682104 0.515898
0 0.420214 0.254731 0.441490 0.254731 0.437500 0.538417 0.440161 0.604611 0.418880 0.605796
6 0.620568 0.354944 0.642406 0.354944 0.644568 0.397602 0.645000 0.564806 0.642406 0.600556 0.620354 0.597861 0.622083 0.568269
6 0.600599 0.353991 0.620365 0.353991 0.623464 0.566852 0.621526 0.597852 0.599438 0.593722 0.603312 0.547565
4 0.446807 0.251769 0.466755 0.252954 0.463432 0.547278 0.462766 0.613472 0.440161 0.608750 0.440161 0.543731
0 0.471406 0.254731 0.492688 0.254731 0.488698 0.538417 0.491354 0.604611 0.470078 0.605796
4 0.497443 0.252130 0.514927 0.253130 0.516620 0.567944 0.518875 0.619074 0.499135 0.616065 0.495188 0.549898
2 0.207115 0.067380 0.219083 0.048463 0.796875 0.048463 0.814161 0.073287 0.830786 0.754139 0.804854 0.861704 0.205120 0.854611 0.183844 0.764778
