1 0.645141 0.309880 0.675693 0.309880 0.678474 0.516046 0.671526 0.601231 0.642359 0.596296 0.645833 0.511111
1 0.681083 0.312926 0.711641 0.312926 0.714417 0.519102 0.707474 0.604287 0.678307 0.599352 0.681776 0.514167
7 0.515651 0.279648 0.598714 0.281083 0.600328 0.540574 0.598714 0.595056 0.514036 0.595056
6 0.599052 0.351241 0.618812 0.351241 0.621911 0.564093 0.619974 0.595093 0.597891 0.590963 0.601766 0.544806
6 0.620568 0.354944 0.642406 0.354944 0.644568 0.397602 0.645000 0.564806 0.642406 0.600556 0.620354 0.597861 0.622083 0.568269
0 0.470078 0.248815 0.491354 0.248815 0.487365 0.532509 0.490026 0.598704 0.468750 0.599880
2 0.207115 0.067380 0.219083 0.048463 0.796875 0.048463 0.814161 0.073287 0.830786 0.754139 0.804854 0.861704 0.205120 0.854611 0.183844 0.764778
4 0.496318 0.250120 0.513797 0.251130 0.515490 0.565935 0.517745 0.617065 0.498010 0.614056 0.494063 0.547889
3 0.713193 0.352472 0.720833 0.352472 0.723609 0.533954 0.718057 0.588269 0.708333 0.584565 0.713891 0.527778
7 0.719443 0.322222 0.798609 0.323454 0.807641 0.582713 0.797224 0.640741 0.714583 0.639509 0.721526 0.581481
