2 0.207115 0.067380 0.219083 0.048463 0.796875 0.048463 0.814161 0.073287 0.830786 0.754139 0.804854 0.861704 0.205120 0.854611 0.183844 0.764778
1 0.682708 0.312352 0.713266 0.312352 0.716042 0.518528 0.709099 0.603713 0.679932 0.598769 0.683406 0.513583
0 0.472073 0.252361 0.493349 0.252361 0.489359 0.536056 0.492021 0.602241 0.470745 0.603426
4 0.496318 0.250120 0.513797 0.251130 0.515490 0.565935 0.517745 0.617065 0.498010 0.614056 0.494063 0.547889
1 0.645141 0.309880 0.675693 0.309880 0.678474 0.516046 0.671526 0.601231 0.642359 0.596296 0.645833 0.511111
6 0.620568 0.354944 0.642406 0.354944 0.644568 0.397602 0.645000 0.564806 0.642406 0.600556 0.620354 0.597861 0.622083 0.568269
6 0.599438 0.353991 0.619203 0.353991 0.622302 0.566852 0.620365 0.597852 0.598276 0.593722 0.602151 0.547565
7 0.719443 0.322222 0.798609 0.323454 0.807641 0.582713 0.797224 0.640741 0.714583 0.639509 0.721526 0.581481
4 0.445479 0.252954 0.465427 0.254139 0.462099 0.548463 0.461438 0.614657 0.438828 0.609926 0.438828 0.544917
7 0.515651 0.279648 0.598714 0.281083 0.600328 0.540574 0.598714 0.595056 0.514036 0.595056
3 0.713193 0.352472 0.720833 0.352472 0.723609 0.533954 0.718057 0.588269 0.708333 0.584565 0.713891 0.527778
