7 0.516313 0.292648 0.599380 0.294083 0.600990 0.553583 0.599380 0.608065 0.514703 0.608065
6 0.622177 0.357796 0.644010 0.357796 0.646177 0.400463 0.646609 0.567667 0.644010 0.603417 0.621958 0.600722 0.623688 0.571130
6 0.600990 0.356056 0.620750 0.356056 0.623849 0.568917 0.621911 0.599917 0.599828 0.595787 0.603703 0.549630
7 0.721526 0.323454 0.800693 0.324694 0.809724 0.583954 0.799307 0.641972 0.716667 0.640741 0.723609 0.582713
3 0.713193 0.361111 0.720833 0.361111 0.723609 0.542593 0.718057 0.596917 0.708333 0.593213 0.713891 0.536417
0 0.421542 0.254731 0.442818 0.254731 0.438828 0.538417 0.441490 0.604611 0.420214 0.605796
4 0.448135 0.252954 0.468083 0.254139 0.464760 0.548463 0.464094 0.614657 0.441490 0.609926 0.441490 0.544917
0 0.471406 0.254731 0.492688 0.254731 0.488698 0.538417 0.491354 0.604611 0.470078 0.605796
1 0.645833 0.313583 0.676391 0.313583 0.679167 0.519750 0.672224 0.604935 0.643057 0.600000 0.646526 0.514815
1 0.681411 0.314667 0.711964 0.314667 0.714745 0.520843 0.707797 0.606028 0.678630 0.601083 0.682104 0.515898
2 0.207115 0.067380 0.219083 0.048463 0.796875 0.048463 0.814161 0.073287 0.830786 0.754139 0.804854 0.861704 0.205120 0.854611 0.183844 0.764778
3 0.408500 0.356602 0.418917 0.357833 0.414750 0.541787 0.417526 0.602278 0.405026 0.601046 0.402250 0.546722 0.402943 0.526972
4 0.498573 0.254639 0.517182 0.255639 0.513234 0.545380 0.512104 0.605537 0.493495 0.606537
