7 0.518307 0.279648 0.601375 0.281083 0.602984 0.540574 0.601375 0.595056 0.516698 0.595056
3 0.714583 0.353704 0.722224 0.353704 0.725000 0.535185 0.719443 0.589509 0.709724 0.585806 0.715276 0.529009
6 0.601766 0.349861 0.621526 0.349861 0.624625 0.562722 0.622687 0.593722 0.600604 0.589583 0.604479 0.543435
7 0.721526 0.323454 0.800693 0.324694 0.809724 0.583954 0.799307 0.641972 0.716667 0.640741 0.723609 0.582713
2 0.207115 0.067380 0.219083 0.048463 0.796875 0.048463 0.814161 0.073287 0.830786 0.754139 0.804854 0.861704 0.205120 0.854611 0.183844 0.764778
4 0.450130 0.247046 0.470078 0.248222 0.466755 0.542556 0.466089 0.608750 0.443484 0.604019 0.443484 0.539009
4 0.499698 0.244611 0.518312 0.245611 0.514365 0.535361 0.513234 0.595509 0.494625 0.596519
1 0.682063 0.309454 0.712615 0.309454 0.715396 0.515630 0.708448 0.600815 0.679281 0.595880 0.682755 0.510694
0 0.474734 0.250000 0.496010 0.250000 0.492021 0.533685 0.494682 0.599880 0.473406 0.601065
1 0.645833 0.307407 0.676391 0.307407 0.679167 0.513583 0.672224 0.598769 0.643057 0.593824 0.646526 0.508639
6 0.622979 0.347796 0.644818 0.347796 0.646979 0.390463 0.647411 0.557667 0.644818 0.593417 0.622760 0.590722 0.624495 0.561130
3 0.410453 0.347343 0.420870 0.348574 0.416703 0.532528 0.419479 0.593019 0.406979 0.591787 0.404203 0.537463 0.404896 0.517713
0 0.421542 0.247639 0.442818 0.247639 0.438828 0.531324 0.441490 0.597519 0.420214 0.598694
