6 0.602151 0.347796 0.621911 0.347796 0.625016 0.560648 0.623078 0.591648 0.600990 0.587519 0.604865 0.541361
7 0.722224 0.320991 0.801391 0.322222 0.810417 0.581481 0.800000 0.639509 0.717359 0.638269 0.724307 0.580250
3 0.713891 0.348769 0.721526 0.348769 0.724307 0.530250 0.718750 0.584565 0.709026 0.580861 0.714583 0.524074
0 0.419547 0.246454 0.440823 0.246454 0.436833 0.530139 0.439495 0.596333 0.418219 0.597519
0 0.474495 0.244889 0.495771 0.244889 0.491781 0.528574 0.494443 0.594769 0.473167 0.595954
3 0.410776 0.343287 0.421193 0.344528 0.417026 0.528472 0.419807 0.588972 0.407307 0.587731 0.404526 0.533417 0.405224 0.513657
7 0.518974 0.292648 0.602036 0.294083 0.603651 0.553583 0.602036 0.608065 0.517359 0.608065
6 0.622979 0.347796 0.644818 0.347796 0.646979 0.390463 0.647411 0.557667 0.644818 0.593417 0.622760 0.590722 0.624495 0.561130
4 0.448802 0.243500 0.468750 0.244685 0.465427 0.539009 0.464760 0.605204 0.442151 0.600472 0.442151 0.535463
1 0.646526 0.303704 0.677083 0.303704 0.679859 0.509880 0.672917 0.595065 0.643750 0.590120 0.647224 0.504935
2 0.207115 0.067380 0.219083 0.048463 0.796875 0.048463 0.814161 0.073287 0.830786 0.754139 0.804854 0.861704 0.205120 0.854611 0.183844 0.764778
4 0.499135 0.243611 0.517745 0.244611 0.513797 0.534352 0.512672 0.594509 0.494063 0.595509
1 0.682385 0.304250 0.712943 0.304250 0.715719 0.510426 0.708776 0.595611 0.679609 0.590667 0.683078 0.505481
