2 0.809026 0.858028 0.832641 0.745676 0.810417 0.055556 0.210417 0.045676 0.185417 0.760491 0.211807 0.855556
7 0.515792 0.288130 0.598854 0.289556 0.600469 0.549056 0.598854 0.603537 0.514177 0.603537
3 0.719792 0.353704 0.713542 0.351231 0.712849 0.525306 0.707292 0.585806 0.718401 0.587037 0.724651 0.558639 0.723958 0.484565
7 0.721526 0.320991 0.800693 0.322222 0.809724 0.581481 0.799307 0.639509 0.716667 0.638269 0.723609 0.580250
0 0.471432 0.255361 0.492708 0.255361 0.488719 0.539046 0.491380 0.605241 0.470104 0.606426
1 0.682984 0.312343 0.712151 0.312343 0.714234 0.519750 0.706599 0.603704 0.677432 0.600000 0.684375 0.527157
4 0.497724 0.255139 0.518026 0.257139 0.514078 0.553907 0.512391 0.607037 0.493776 0.608046 0.493776 0.546889
4 0.446969 0.256139 0.467271 0.258148 0.463323 0.554907 0.461635 0.608046 0.443021 0.609046 0.443021 0.547889
6 0.621375 0.353509 0.643208 0.353509 0.645370 0.396176 0.645802 0.563380 0.643208 0.599130 0.621156 0.596435 0.622885 0.566843
1 0.646526 0.308639 0.677083 0.308639 0.679859 0.514815 0.672917 0.600000 0.643750 0.595065 0.647224 0.509880
6 0.599630 0.351583 0.619781 0.352269 0.623656 0.481093 0.623656 0.560306 0.620943 0.594750 0.598469 0.594065 0.601958 0.551352
