4 0.449469 0.248222 0.469417 0.249407 0.466089 0.543731 0.465427 0.609926 0.442818 0.605204 0.442818 0.540185
7 0.720833 0.323454 0.800000 0.324694 0.809026 0.583954 0.798609 0.641972 0.715974 0.640741 0.722917 0.582713
3 0.720484 0.351231 0.714234 0.348769 0.713542 0.522843 0.707984 0.583333 0.719099 0.584565 0.725349 0.556176 0.724651 0.482102
1 0.684375 0.309880 0.713542 0.309880 0.715625 0.517287 0.707984 0.601231 0.678818 0.597528 0.685766 0.524694
4 0.499135 0.243102 0.518307 0.245111 0.513797 0.540870 0.516052 0.606037 0.498005 0.605037 0.496880 0.523824
0 0.422870 0.248815 0.444146 0.248815 0.440156 0.532509 0.442818 0.598704 0.421542 0.599880
2 0.207115 0.067380 0.219083 0.048463 0.796875 0.048463 0.814161 0.073287 0.830786 0.754139 0.804854 0.861704 0.205120 0.854611 0.183844 0.764778
7 0.516599 0.279519 0.599661 0.280954 0.601276 0.540454 0.599661 0.594935 0.514984 0.594935
0 0.472740 0.247639 0.494016 0.247639 0.490026 0.531324 0.492688 0.597519 0.471411 0.598694
1 0.646526 0.308639 0.677083 0.308639 0.679859 0.514815 0.672917 0.600000 0.643750 0.595065 0.647224 0.509880
3 0.411427 0.347343 0.421844 0.348574 0.417677 0.532528 0.420458 0.593019 0.407958 0.591787 0.405177 0.537463 0.405875 0.517713
6 0.623781 0.349222 0.645620 0.349222 0.647781 0.391889 0.648214 0.559093 0.645620 0.594843 0.623568 0.592148 0.625297 0.562556
6 0.601573 0.348139 0.621719 0.348824 0.625594 0.477648 0.625594 0.556861 0.622880 0.591306 0.600406 0.590620 0.603896 0.547907
