7 0.516599 0.288130 0.599661 0.289556 0.601276 0.549056 0.599661 0.603537 0.514984 0.603537
6 0.599635 0.352269 0.619781 0.352963 0.623656 0.481778 0.623656 0.561000 0.620943 0.595444 0.598469 0.594750 0.601958 0.552046
6 0.621375 0.352083 0.643208 0.352083 0.645370 0.394750 0.645802 0.561954 0.643208 0.597694 0.621156 0.595009 0.622885 0.565407
4 0.498005 0.248120 0.517182 0.250120 0.512672 0.545889 0.514927 0.611056 0.496880 0.610046 0.495750 0.528843
2 0.207115 0.067380 0.219083 0.048463 0.796875 0.048463 0.814161 0.073287 0.830786 0.754139 0.804854 0.861704 0.205120 0.854611 0.183844 0.764778
1 0.646526 0.311111 0.677083 0.311111 0.679859 0.517287 0.672917 0.602472 0.643750 0.597528 0.647224 0.512343
3 0.719792 0.353704 0.713542 0.351231 0.712849 0.525306 0.707292 0.585806 0.718401 0.587037 0.724651 0.558639 0.723958 0.484565
7 0.720833 0.323454 0.800000 0.324694 0.809026 0.583954 0.798609 0.641972 0.715974 0.640741 0.722917 0.582713
0 0.420214 0.247639 0.441490 0.247639 0.437500 0.531324 0.440161 0.597519 0.418880 0.598694
4 0.448802 0.251769 0.468750 0.252954 0.465427 0.547278 0.464760 0.613472 0.442151 0.608750 0.442151 0.543731
1 0.682984 0.309880 0.712151 0.309880 0.714234 0.517287 0.706599 0.601231 0.677432 0.597528 0.684375 0.524694
0 0.471406 0.253546 0.492688 0.253546 0.488698 0.537231 0.491354 0.603426 0.470078 0.604611
2 0.210417 0.850620 0.185417 0.753083 0.207641 0.064194 0.221526 0.046917 0.804167 0.049380 0.813193 0.079009 0.831943 0.760491 0.804859 0.862963
3 0.408333 0.353083 0.418750 0.354324 0.414583 0.538269 0.417359 0.598769 0.404859 0.597528 0.402083 0.543213 0.402776 0.523454
