1 0.682292 0.317287 0.711458 0.317287 0.713542 0.524694 0.705901 0.608639 0.676734 0.604935 0.683682 0.532102
7 0.515792 0.295296 0.598854 0.296731 0.600469 0.556222 0.598854 0.610704 0.514177 0.610704
3 0.719792 0.353704 0.713542 0.351231 0.712849 0.525306 0.707292 0.585806 0.718401 0.587037 0.724651 0.558639 0.723958 0.484565
4 0.448802 0.251769 0.468750 0.252954 0.465427 0.547278 0.464760 0.613472 0.442151 0.608750 0.442151 0.543731
0 0.471406 0.253546 0.492688 0.253546 0.488698 0.537231 0.491354 0.603426 0.470078 0.604611
6 0.621375 0.360657 0.643208 0.360657 0.645370 0.403315 0.645802 0.570519 0.643208 0.606269 0.621156 0.603574 0.622885 0.573981
6 0.600406 0.357778 0.620557 0.358472 0.624432 0.487287 0.624432 0.566509 0.621719 0.600954 0.599245 0.600259 0.602734 0.557556
0 0.423536 0.254731 0.444812 0.254731 0.440823 0.538417 0.443484 0.604611 0.422208 0.605796
4 0.498005 0.253130 0.517182 0.255139 0.512672 0.550898 0.514927 0.616065 0.496880 0.615065 0.495750 0.533852
3 0.406250 0.357407 0.418750 0.358639 0.421526 0.588269 0.406943 0.587037 0.403474 0.506787
1 0.647224 0.316046 0.677776 0.316046 0.680557 0.522222 0.673609 0.607407 0.644443 0.602472 0.647917 0.517287
2 0.207641 0.067287 0.219443 0.045065 0.798609 0.047528 0.812500 0.067287 0.831943 0.772222 0.806250 0.858639 0.200693 0.858639 0.184724 0.747528
7 0.720833 0.323454 0.800000 0.324694 0.809026 0.583954 0.798609 0.641972 0.715974 0.640741 0.722917 0.582713
