2 0.207115 0.067380 0.219083 0.048463 0.796875 0.048463 0.814161 0.073287 0.830786 0.754139 0.804854 0.861704 0.205120 0.854611 0.183844 0.764778
6 0.603505 0.348139 0.624047 0.349519 0.624432 0.558241 0.621719 0.592685 0.599245 0.589926 0.600797 0.547907
6 0.623781 0.349222 0.645620 0.349222 0.647781 0.391889 0.648214 0.559093 0.645620 0.594843 0.623568 0.592148 0.625297 0.562556
4 0.499135 0.243102 0.518312 0.245111 0.513797 0.540870 0.516052 0.606037 0.498010 0.605037 0.496880 0.523824
3 0.720484 0.351231 0.714234 0.348769 0.713542 0.522843 0.707984 0.583333 0.719099 0.584565 0.725349 0.556176 0.724651 0.482102
7 0.722224 0.318519 0.801391 0.319750 0.810417 0.579009 0.800000 0.637037 0.717359 0.635806 0.724307 0.577778
0 0.474495 0.248935 0.495771 0.248935 0.491781 0.532620 0.494443 0.598815 0.473167 0.600000
7 0.518214 0.301028 0.601276 0.302463 0.602891 0.561963 0.601276 0.616435 0.516599 0.616435
3 0.410776 0.349074 0.421193 0.350315 0.417026 0.534259 0.419807 0.594759 0.407307 0.593519 0.404526 0.539204 0.405224 0.519444
1 0.683682 0.304935 0.712849 0.304935 0.714932 0.512343 0.707292 0.596296 0.678125 0.592593 0.685068 0.519750
4 0.449469 0.249407 0.469417 0.250593 0.466089 0.544917 0.465427 0.611111 0.442818 0.606380 0.442818 0.541370
0 0.421542 0.247639 0.442818 0.247639 0.438828 0.531324 0.441490 0.597519 0.420214 0.598694
1 0.646526 0.304935 0.677083 0.304935 0.679859 0.511111 0.672917 0.596296 0.643750 0.591361 0.647224 0.506176
