6 0.622109 0.354685 0.643807 0.356056 0.646521 0.565472 0.643031 0.601296 0.622109 0.598537 0.624432 0.562028
7 0.515651 0.284380 0.598714 0.285806 0.600328 0.545306 0.598714 0.599787 0.514036 0.599787
7 0.721526 0.322222 0.800693 0.323454 0.809724 0.582713 0.799307 0.640741 0.716667 0.639509 0.723609 0.581481
0 0.421542 0.252361 0.442818 0.252361 0.438828 0.536056 0.441490 0.602241 0.420214 0.603426
3 0.713979 0.359639 0.721615 0.359639 0.724396 0.541120 0.718839 0.595444 0.709115 0.591741 0.714672 0.534944
4 0.446875 0.251167 0.468031 0.251741 0.465755 0.544537 0.466370 0.605296 0.444922 0.605870 0.443620 0.544537
4 0.499135 0.252630 0.517745 0.253630 0.513797 0.543380 0.512672 0.603537 0.494063 0.604537
3 0.409474 0.354287 0.419891 0.355519 0.415724 0.539472 0.418505 0.599963 0.406005 0.598731 0.403224 0.544407 0.403922 0.524657
6 0.601646 0.350981 0.623125 0.353296 0.625406 0.482907 0.623776 0.570287 0.621500 0.602111 0.599365 0.598639 0.602297 0.573176
2 0.207115 0.067380 0.219083 0.048463 0.796875 0.048463 0.814161 0.073287 0.830786 0.754139 0.804854 0.861704 0.205120 0.854611 0.183844 0.764778
0 0.472073 0.252361 0.493349 0.252361 0.489359 0.536056 0.492021 0.602241 0.470745 0.603426
1 0.646526 0.312343 0.677083 0.312343 0.679859 0.518519 0.672917 0.603704 0.643750 0.598769 0.647224 0.513583
1 0.683036 0.311194 0.713589 0.311194 0.716370 0.517370 0.709422 0.602556 0.680255 0.597611 0.683729 0.512426
