7 0.518307 0.278463 0.601375 0.279898 0.602984 0.539398 0.601375 0.593880 0.516698 0.593880
0 0.422208 0.246454 0.443484 0.246454 0.439495 0.530139 0.442156 0.596333 0.420875 0.597519
4 0.449479 0.244796 0.470635 0.245380 0.468354 0.538176 0.468974 0.598926 0.447526 0.599509 0.446224 0.538176
1 0.646526 0.307407 0.677083 0.307407 0.679859 0.513583 0.672917 0.598769 0.643750 0.593824 0.647224 0.508639
0 0.474068 0.248815 0.495344 0.248815 0.491354 0.532509 0.494016 0.598704 0.472740 0.599880
2 0.207115 0.067380 0.219083 0.048463 0.796875 0.048463 0.814161 0.073287 0.830786 0.754139 0.804854 0.861704 0.205120 0.854611 0.183844 0.764778
7 0.721526 0.322222 0.800693 0.323454 0.809724 0.582713 0.799307 0.640741 0.716667 0.639509 0.723609 0.581481
3 0.410453 0.345602 0.420870 0.346843 0.416703 0.530787 0.419479 0.591287 0.406979 0.590046 0.404203 0.535731 0.404896 0.515972
6 0.602620 0.349824 0.624104 0.352139 0.626380 0.481750 0.624755 0.569130 0.622474 0.600954 0.600344 0.597481 0.603271 0.572019
3 0.714641 0.354907 0.722281 0.354907 0.725057 0.536389 0.719505 0.590713 0.709781 0.587009 0.715339 0.530222
4 0.501391 0.247620 0.520000 0.248620 0.516052 0.538361 0.514927 0.598519 0.496318 0.599519
1 0.683688 0.307139 0.714240 0.307139 0.717021 0.513315 0.710073 0.598500 0.680906 0.593565 0.684380 0.508380
6 0.623271 0.349861 0.644969 0.351241 0.647682 0.560648 0.644193 0.596472 0.623271 0.593722 0.625594 0.557204
