1 0.682385 0.303667 0.712943 0.303667 0.715719 0.509843 0.708776 0.595028 0.679609 0.590093 0.683078 0.504907
3 0.713979 0.349000 0.721615 0.349000 0.724396 0.530481 0.718839 0.584806 0.709115 0.581102 0.714672 0.524315
6 0.622880 0.347796 0.644583 0.349167 0.647292 0.558583 0.643807 0.594407 0.622880 0.591648 0.625208 0.555139
6 0.602620 0.345769 0.624104 0.348083 0.626380 0.477704 0.624755 0.565074 0.622474 0.596907 0.600344 0.593435 0.603271 0.567972
3 0.411755 0.349657 0.422172 0.350889 0.418005 0.534843 0.420781 0.595333 0.408281 0.594102 0.405505 0.539778 0.406198 0.520028
4 0.500266 0.242602 0.518875 0.243602 0.514927 0.533352 0.513797 0.593509 0.495188 0.594509
1 0.646526 0.306176 0.677083 0.306176 0.679859 0.512343 0.672917 0.597528 0.643750 0.592593 0.647224 0.507407
0 0.421542 0.246454 0.442818 0.246454 0.438828 0.530139 0.441490 0.596333 0.420214 0.597519
4 0.448500 0.247111 0.469656 0.247694 0.467380 0.540491 0.468000 0.601241 0.446547 0.601824 0.445245 0.540491
7 0.518307 0.300926 0.601375 0.302361 0.602984 0.561852 0.601375 0.616333 0.516698 0.616333
7 0.722917 0.316046 0.802083 0.317287 0.811109 0.576546 0.800693 0.634565 0.718057 0.633333 0.725000 0.575306
2 0.207115 0.067380 0.219083 0.048463 0.796875 0.048463 0.814161 0.073287 0.830786 0.754139 0.804854 0.861704 0.205120 0.854611 0.183844 0.764778
0 0.474068 0.248815 0.495344 0.248815 0.491354 0.532509 0.494016 0.598704 0.472740 0.599880
