4 0.445896 0.253481 0.467057 0.254056 0.464776 0.546852 0.465396 0.607611 0.443948 0.608185 0.442646 0.546852
7 0.721526 0.320991 0.800693 0.322222 0.809724 0.581481 0.799307 0.639509 0.716667 0.638269 0.723609 0.580250
4 0.496880 0.253630 0.515490 0.254639 0.511542 0.544380 0.510417 0.604537 0.491802 0.605537
3 0.712646 0.358454 0.720286 0.358454 0.723062 0.539935 0.717510 0.594259 0.707786 0.590556 0.713344 0.533769
0 0.420214 0.252361 0.441490 0.252361 0.437500 0.536056 0.440161 0.602241 0.418880 0.603426
0 0.470078 0.254731 0.491354 0.254731 0.487365 0.538417 0.490026 0.604611 0.468750 0.605796
6 0.622109 0.353306 0.643807 0.354685 0.646521 0.564093 0.643031 0.599917 0.622109 0.597167 0.624432 0.560657
2 0.207115 0.067380 0.219083 0.048463 0.796875 0.048463 0.814161 0.073287 0.830786 0.754139 0.804854 0.861704 0.205120 0.854611 0.183844 0.764778
7 0.514318 0.283194 0.597385 0.284630 0.598995 0.544120 0.597385 0.598602 0.512708 0.598602
1 0.645833 0.311111 0.676391 0.311111 0.679167 0.517287 0.672224 0.602472 0.643057 0.597528 0.646526 0.512343
6 0.600344 0.353870 0.621823 0.356185 0.624104 0.485806 0.622474 0.573176 0.620198 0.605009 0.598062 0.601537 0.600995 0.576074
1 0.681083 0.314667 0.711641 0.314667 0.714417 0.520843 0.707474 0.606028 0.678307 0.601083 0.681776 0.515898
