2 0.207115 0.067380 0.219083 0.048463 0.796875 0.048463 0.814161 0.073287 0.830786 0.754139 0.804854 0.861704 0.205120 0.854611 0.183844 0.764778
1 0.646526 0.314815 0.677083 0.314815 0.679859 0.520991 0.672917 0.606176 0.643750 0.601231 0.647224 0.516046
6 0.622109 0.354685 0.643807 0.356056 0.646521 0.565472 0.643031 0.601296 0.622109 0.598537 0.624432 0.562028
7 0.516313 0.285556 0.599380 0.286991 0.600990 0.546491 0.599380 0.600972 0.514703 0.600972
7 0.721526 0.322222 0.800693 0.323454 0.809724 0.582713 0.799307 0.640741 0.716667 0.639509 0.723609 0.581481
3 0.409474 0.354287 0.419891 0.355519 0.415724 0.539472 0.418505 0.599963 0.406005 0.598731 0.403224 0.544407 0.403922 0.524657
6 0.600344 0.353870 0.621823 0.356185 0.624104 0.485806 0.622474 0.573176 0.620198 0.605009 0.598062 0.601537 0.600995 0.576074
1 0.683359 0.314667 0.713917 0.314667 0.716693 0.520843 0.709750 0.606028 0.680583 0.601083 0.684057 0.515898
4 0.447198 0.254056 0.468354 0.254639 0.466078 0.547426 0.466698 0.608185 0.445245 0.608769 0.443943 0.547426
0 0.422208 0.252361 0.443484 0.252361 0.439495 0.536056 0.442156 0.602241 0.420875 0.603426
0 0.471406 0.253546 0.492688 0.253546 0.488698 0.537231 0.491354 0.603426 0.470078 0.604611
4 0.499135 0.252630 0.517745 0.253630 0.513797 0.543380 0.512672 0.603537 0.494063 0.604537
3 0.713979 0.359639 0.721615 0.359639 0.724396 0.541120 0.718839 0.595444 0.709115 0.591741 0.714672 0.534944
