6 0.622109 0.353991 0.643807 0.355370 0.646521 0.564787 0.643031 0.600602 0.622109 0.597852 0.624432 0.561343
7 0.721526 0.320991 0.800693 0.322222 0.809724 0.581481 0.799307 0.639509 0.716667 0.638269 0.723609 0.580250
1 0.646526 0.314815 0.677083 0.314815 0.679859 0.520991 0.672917 0.606176 0.643750 0.601231 0.647224 0.516046
3 0.410125 0.356602 0.420542 0.357833 0.416375 0.541787 0.419156 0.602278 0.406656 0.601046 0.403875 0.546722 0.404573 0.526972
1 0.683359 0.314667 0.713917 0.314667 0.716693 0.520843 0.709750 0.606028 0.680583 0.601083 0.684057 0.515898
0 0.470078 0.254731 0.491354 0.254731 0.487365 0.538417 0.490026 0.604611 0.468750 0.605796
6 0.600344 0.353870 0.621823 0.356185 0.624104 0.485806 0.622474 0.573176 0.620198 0.605009 0.598062 0.601537 0.600995 0.576074
0 0.420880 0.254731 0.442156 0.254731 0.438167 0.538417 0.440823 0.604611 0.419547 0.605796
4 0.446224 0.253481 0.467380 0.254056 0.465104 0.546852 0.465719 0.607611 0.444271 0.608185 0.442969 0.546852
3 0.713979 0.359639 0.721615 0.359639 0.724396 0.541120 0.718839 0.595444 0.709115 0.591741 0.714672 0.534944
2 0.207115 0.067380 0.219083 0.048463 0.796875 0.048463 0.814161 0.073287 0.830786 0.754139 0.804854 0.861704 0.205120 0.854611 0.183844 0.764778
7 0.516313 0.286741 0.599380 0.288176 0.600990 0.547667 0.599380 0.602148 0.514703 0.602148
4 0.497443 0.253630 0.516052 0.254639 0.512104 0.544380 0.510979 0.604537 0.492370 0.605537
