6 0.624599 0.348296 0.646297 0.349676 0.649010 0.559093 0.645526 0.594907 0.624599 0.592157 0.626927 0.555648
3 0.713979 0.349000 0.721615 0.349000 0.724396 0.530481 0.718839 0.584806 0.709115 0.581102 0.714672 0.524315
7 0.518974 0.292648 0.602036 0.294083 0.603651 0.553583 0.602036 0.608065 0.517359 0.608065
0 0.473401 0.248815 0.494682 0.248815 0.490693 0.532509 0.493349 0.598704 0.472073 0.599880
1 0.646526 0.304935 0.677083 0.304935 0.679859 0.511111 0.672917 0.596296 0.643750 0.591361 0.647224 0.506176
4 0.447849 0.243639 0.469005 0.244222 0.466729 0.537019 0.467349 0.597769 0.445896 0.598352 0.444594 0.537019
7 0.722917 0.316046 0.802083 0.317287 0.811109 0.576546 0.800693 0.634565 0.718057 0.633333 0.725000 0.575306
3 0.410453 0.347917 0.420870 0.349157 0.416703 0.533102 0.419479 0.593602 0.406979 0.592361 0.404203 0.538046 0.404896 0.518287
6 0.602620 0.345769 0.624104 0.348083 0.626380 0.477704 0.624755 0.565074 0.622474 0.596907 0.600344 0.593435 0.603271 0.567972
4 0.500266 0.242602 0.518875 0.243602 0.514927 0.533352 0.513797 0.593509 0.495188 0.594509
2 0.207115 0.067380 0.219083 0.048463 0.796875 0.048463 0.814161 0.073287 0.830786 0.754139 0.804854 0.861704 0.205120 0.854611 0.183844 0.764778
0 0.420214 0.245269 0.441490 0.245269 0.437500 0.528963 0.440161 0.595157 0.418880 0.596333
