7 0.720833 0.322222 0.800000 0.323454 0.809026 0.582713 0.798609 0.640741 0.715974 0.639509 0.722917 0.581481
1 0.681083 0.314667 0.711641 0.314667 0.714417 0.520843 0.707474 0.606028 0.678307 0.601083 0.681776 0.515898
6 0.623271 0.352611 0.644969 0.353991 0.647682 0.563407 0.644193 0.599231 0.623271 0.596472 0.625594 0.559963
6 0.600344 0.353870 0.621823 0.356185 0.624104 0.485806 0.622474 0.573176 0.620198 0.605009 0.598062 0.601537 0.600995 0.576074
2 0.207115 0.067380 0.219083 0.048463 0.796875 0.048463 0.814161 0.073287 0.830786 0.754139 0.804854 0.861704 0.205120 0.854611 0.183844 0.764778
7 0.516313 0.286741 0.599380 0.288176 0.600990 0.547667 0.599380 0.602148 0.514703 0.602148
0 0.471411 0.255907 0.492688 0.255907 0.488698 0.539602 0.491354 0.605787 0.470078 0.606972
4 0.446224 0.253481 0.467380 0.254056 0.465104 0.546852 0.465719 0.607611 0.444271 0.608185 0.442969 0.546852
4 0.496880 0.253630 0.515490 0.254639 0.511542 0.544380 0.510417 0.604537 0.491802 0.605537
1 0.645833 0.311111 0.676391 0.311111 0.679167 0.517287 0.672224 0.602472 0.643057 0.597528 0.646526 0.512343
3 0.712646 0.358454 0.720286 0.358454 0.723062 0.539935 0.717510 0.594259 0.707786 0.590556 0.713344 0.533769
