1 0.681083 0.311194 0.711641 0.311194 0.714417 0.517370 0.707474 0.602556 0.678307 0.597611 0.681776 0.512426
7 0.516979 0.279648 0.600042 0.281083 0.601656 0.540574 0.600042 0.595056 0.515365 0.595056
2 0.207115 0.067380 0.219083 0.048463 0.796875 0.048463 0.814161 0.073287 0.830786 0.754139 0.804854 0.861704 0.205120 0.854611 0.183844 0.764778
6 0.620943 0.351926 0.642646 0.353306 0.645359 0.562722 0.641870 0.598537 0.620943 0.595787 0.623271 0.559278
7 0.720833 0.322222 0.800000 0.323454 0.809026 0.582713 0.798609 0.640741 0.715974 0.639509 0.722917 0.581481
4 0.498573 0.251630 0.517182 0.252630 0.513234 0.542370 0.512104 0.602528 0.493495 0.603528
3 0.711984 0.356093 0.719620 0.356093 0.722401 0.537574 0.716844 0.591898 0.707120 0.588194 0.712677 0.531398
1 0.645833 0.311111 0.676391 0.311111 0.679167 0.517287 0.672224 0.602472 0.643057 0.597528 0.646526 0.512343
0 0.471406 0.251185 0.492688 0.251185 0.488698 0.534870 0.491354 0.601065 0.470078 0.602250
6 0.600016 0.350398 0.621500 0.352713 0.623776 0.482333 0.622151 0.569704 0.619870 0.601537 0.597740 0.598065 0.600667 0.572602
