6 0.622109 0.353991 0.643807 0.355370 0.646521 0.564787 0.643031 0.600602 0.622109 0.597852 0.624432 0.561343
1 0.646526 0.314815 0.677083 0.314815 0.679859 0.520991 0.672917 0.606176 0.643750 0.601231 0.647224 0.516046
7 0.721526 0.322222 0.800693 0.323454 0.809724 0.582713 0.799307 0.640741 0.716667 0.639509 0.723609 0.581481
7 0.516979 0.293833 0.600042 0.295269 0.601656 0.554759 0.600042 0.609241 0.515365 0.609241
2 0.207115 0.067380 0.219083 0.048463 0.796875 0.048463 0.814161 0.073287 0.830786 0.754139 0.804854 0.861704 0.205120 0.854611 0.183844 0.764778
4 0.499135 0.248620 0.517745 0.249620 0.513797 0.539370 0.512672 0.599519 0.494063 0.600528
3 0.713979 0.359639 0.721615 0.359639 0.724396 0.541120 0.718839 0.595444 0.709115 0.591741 0.714672 0.534944
0 0.474068 0.247639 0.495344 0.247639 0.491354 0.531324 0.494016 0.597519 0.472740 0.598694
0 0.422208 0.252361 0.443484 0.252361 0.439495 0.536056 0.442156 0.602241 0.420875 0.603426
1 0.683359 0.314667 0.713917 0.314667 0.716693 0.520843 0.709750 0.606028 0.680583 0.601083 0.684057 0.515898
3 0.409802 0.349074 0.420219 0.350315 0.416052 0.534259 0.418828 0.594759 0.406328 0.593519 0.403552 0.539204 0.404245 0.519444
6 0.600344 0.353870 0.621823 0.356185 0.624104 0.485806 0.622474 0.573176 0.620198 0.605009 0.598062 0.601537 0.600995 0.576074
4 0.449479 0.248269 0.470635 0.248852 0.468354 0.541648 0.468974 0.602398 0.447526 0.602981 0.446224 0.541648
