0 0.422870 0.248815 0.444146 0.248815 0.440156 0.532509 0.442818 0.598704 0.421542 0.599880
6 0.622495 0.351926 0.644193 0.353306 0.646906 0.562722 0.643417 0.598537 0.622495 0.595787 0.624818 0.559278
1 0.646526 0.309880 0.677083 0.309880 0.679859 0.516046 0.672917 0.601231 0.643750 0.596296 0.647224 0.511111
4 0.449479 0.248852 0.470635 0.249426 0.468354 0.542222 0.468974 0.602981 0.447526 0.603556 0.446224 0.542222
2 0.207115 0.067380 0.219083 0.048463 0.796875 0.048463 0.814161 0.073287 0.830786 0.754139 0.804854 0.861704 0.205120 0.854611 0.183844 0.764778
3 0.714641 0.354907 0.722281 0.354907 0.725057 0.536389 0.719505 0.590713 0.709781 0.587009 0.715339 0.530222
4 0.501391 0.247620 0.520000 0.248620 0.516052 0.538361 0.514927 0.598519 0.496318 0.599519
6 0.602620 0.349824 0.624104 0.352139 0.626380 0.481750 0.624755 0.569130 0.622474 0.600954 0.600344 0.597481 0.603271 0.572019
3 0.410453 0.350815 0.420870 0.352046 0.416703 0.536000 0.419479 0.596491 0.406979 0.595259 0.404203 0.540935 0.404896 0.521185
7 0.721526 0.322222 0.800693 0.323454 0.809724 0.582713 0.799307 0.640741 0.716667 0.639509 0.723609 0.581481
7 0.518307 0.278463 0.601375 0.279898 0.602984 0.539398 0.601375 0.593880 0.516698 0.593880
0 0.474068 0.248815 0.495344 0.248815 0.491354 0.532509 0.494016 0.598704 0.472740 0.599880
1 0.683036 0.311194 0.713594 0.311194 0.716370 0.517370 0.709427 0.602556 0.680260 0.597611 0.683729 0.512426
