4 0.497443 0.243611 0.516052 0.244611 0.512104 0.534352 0.510979 0.594509 0.492370 0.595509
6 0.601318 0.343454 0.622802 0.345769 0.625078 0.475389 0.623453 0.562769 0.621172 0.594593 0.599042 0.591120 0.601969 0.565657
0 0.420880 0.245269 0.442156 0.245269 0.438167 0.528963 0.440823 0.595157 0.419547 0.596333
7 0.519458 0.303528 0.601807 0.308157 0.595625 0.571444 0.591719 0.626417 0.508391 0.621787
1 0.682385 0.303667 0.712943 0.303667 0.715719 0.509843 0.708776 0.595028 0.679609 0.590093 0.683078 0.504907
7 0.722224 0.317287 0.801391 0.318519 0.810417 0.577778 0.800000 0.635806 0.717359 0.634565 0.724307 0.576546
6 0.622109 0.347796 0.643807 0.349167 0.646521 0.558583 0.643031 0.594407 0.622109 0.591648 0.624432 0.555139
2 0.207115 0.067380 0.219083 0.048463 0.796875 0.048463 0.814161 0.073287 0.830786 0.754139 0.804854 0.861704 0.205120 0.854611 0.183844 0.764778
0 0.478120 0.241324 0.495047 0.241324 0.483979 0.520231 0.483656 0.594296 0.464776 0.594880 0.464125 0.523130
1 0.646526 0.307407 0.677083 0.307407 0.679859 0.513583 0.672917 0.598769 0.643750 0.593824 0.647224 0.508639
3 0.405568 0.345028 0.415984 0.346259 0.411818 0.530213 0.414599 0.590704 0.402099 0.589472 0.399318 0.535148 0.400016 0.515398
3 0.713979 0.349000 0.721615 0.349000 0.724396 0.530481 0.718839 0.584806 0.709115 0.581102 0.714672 0.524315
