0 0.478771 0.242481 0.495698 0.242481 0.484630 0.521389 0.484307 0.595454 0.465427 0.596037 0.464776 0.524287
6 0.601969 0.345194 0.623453 0.347509 0.625729 0.477120 0.624104 0.564500 0.621823 0.596324 0.599693 0.592852 0.602620 0.567389
4 0.457781 0.597769 0.438250 0.594296 0.449969 0.243065 0.470797 0.244222
1 0.682385 0.306565 0.712943 0.306565 0.715719 0.512741 0.708776 0.597926 0.679609 0.592981 0.683078 0.507796
1 0.645833 0.306176 0.676391 0.306176 0.679167 0.512343 0.672224 0.597528 0.643057 0.592593 0.646526 0.507407
3 0.714641 0.353731 0.722281 0.353731 0.725057 0.535213 0.719505 0.589528 0.709781 0.585824 0.715339 0.529037
6 0.622516 0.348296 0.644214 0.349676 0.646927 0.559093 0.643443 0.594907 0.622516 0.592157 0.624844 0.555648
7 0.519786 0.305269 0.602130 0.309898 0.595948 0.573176 0.592042 0.628148 0.508719 0.623519
7 0.722224 0.317287 0.801391 0.318519 0.810417 0.577778 0.800000 0.635806 0.717359 0.634565 0.724307 0.576546
4 0.508229 0.598926 0.488698 0.595454 0.500417 0.244222 0.521250 0.245380
0 0.426042 0.242481 0.443292 0.242481 0.432552 0.519074 0.435156 0.587935 0.414328 0.596037 0.411724 0.520815 0.415302 0.394667
2 0.207115 0.067380 0.219083 0.048463 0.796875 0.048463 0.814161 0.073287 0.830786 0.754139 0.804854 0.861704 0.205120 0.854611 0.183844 0.764778
3 0.406219 0.344444 0.416635 0.345685 0.412469 0.529630 0.415250 0.590130 0.402750 0.588889 0.399969 0.534574 0.400667 0.514815
