0 0.472073 0.252361 0.493349 0.252361 0.489359 0.536056 0.492021 0.602241 0.470745 0.603426
1 0.681411 0.312352 0.711964 0.312352 0.714745 0.518528 0.707797 0.603713 0.678630 0.598769 0.682104 0.513583
0 0.419547 0.254731 0.440823 0.254731 0.436833 0.538417 0.439495 0.604611 0.418219 0.605796
6 0.621823 0.356944 0.643521 0.358315 0.646234 0.567731 0.642745 0.603556 0.621823 0.600796 0.624146 0.564287
6 0.600667 0.355611 0.622151 0.357926 0.624427 0.487537 0.622802 0.574917 0.620521 0.606741 0.598391 0.603269 0.601318 0.577806
3 0.409151 0.356019 0.419568 0.357259 0.415401 0.541204 0.418177 0.601704 0.405677 0.600463 0.402901 0.546148 0.403594 0.526389
7 0.516313 0.287926 0.599380 0.289352 0.600990 0.548852 0.599380 0.603333 0.514703 0.603333
4 0.496880 0.253630 0.515490 0.254639 0.511542 0.544380 0.510417 0.604537 0.491802 0.605537
7 0.721526 0.323454 0.800693 0.324694 0.809724 0.583954 0.799307 0.641972 0.716667 0.640741 0.723609 0.582713
3 0.713313 0.358454 0.720953 0.358454 0.723729 0.539935 0.718172 0.594259 0.708453 0.590556 0.714005 0.533769
1 0.646583 0.314083 0.677135 0.314083 0.679917 0.520259 0.672969 0.605444 0.643802 0.600509 0.647276 0.515324
4 0.447526 0.254639 0.468682 0.255213 0.466401 0.548009 0.467021 0.608769 0.445573 0.609343 0.444271 0.548009
2 0.207115 0.067380 0.219083 0.048463 0.796875 0.048463 0.814161 0.073287 0.830786 0.754139 0.804854 0.861704 0.205120 0.854611 0.183844 0.764778
