4 0.498010 0.249620 0.516620 0.250620 0.512672 0.540370 0.511542 0.600528 0.492932 0.601528
1 0.646583 0.308296 0.677135 0.308296 0.679917 0.514472 0.672969 0.599657 0.643802 0.594722 0.647276 0.509537
1 0.681734 0.315241 0.712292 0.315241 0.715068 0.521417 0.708125 0.606602 0.678958 0.601667 0.682427 0.516481
3 0.409151 0.356019 0.419568 0.357259 0.415401 0.541204 0.418177 0.601704 0.405677 0.600463 0.402901 0.546148 0.403594 0.526389
6 0.599693 0.351556 0.621172 0.353870 0.623453 0.483491 0.621823 0.570861 0.619547 0.602694 0.597411 0.599222 0.600344 0.573759
0 0.420875 0.253546 0.442156 0.253546 0.438167 0.537231 0.440823 0.603426 0.419547 0.604611
7 0.721526 0.323454 0.800693 0.324694 0.809724 0.583954 0.799307 0.641972 0.716667 0.640741 0.723609 0.582713
4 0.449151 0.248852 0.470307 0.249426 0.468031 0.542222 0.468651 0.602981 0.447198 0.603556 0.445896 0.542222
7 0.516979 0.293833 0.600042 0.295269 0.601656 0.554759 0.600042 0.609241 0.515365 0.609241
3 0.713313 0.358454 0.720953 0.358454 0.723729 0.539935 0.718172 0.594259 0.708453 0.590556 0.714005 0.533769
0 0.472073 0.252361 0.493349 0.252361 0.489359 0.536056 0.492021 0.602241 0.470745 0.603426
6 0.621823 0.353241 0.643521 0.354611 0.646234 0.564028 0.642745 0.599852 0.621823 0.597093 0.624146 0.560583
2 0.207115 0.067380 0.219083 0.048463 0.796875 0.048463 0.814161 0.073287 0.830786 0.754139 0.804854 0.861704 0.205120 0.854611 0.183844 0.764778
