3 0.714641 0.350185 0.722281 0.350185 0.725057 0.531667 0.719505 0.585981 0.709781 0.582278 0.715339 0.525491
1 0.647224 0.304935 0.677776 0.304935 0.680557 0.511111 0.673609 0.596296 0.644443 0.591361 0.647917 0.506176
7 0.519641 0.303287 0.602703 0.304722 0.604318 0.564222 0.602703 0.618704 0.518026 0.618704
4 0.499698 0.247620 0.518312 0.248620 0.514365 0.538361 0.513234 0.598519 0.494625 0.599519
1 0.682385 0.306565 0.712943 0.306565 0.715719 0.512741 0.708776 0.597926 0.679609 0.592981 0.683078 0.507796
4 0.449802 0.244222 0.470958 0.244796 0.468682 0.537593 0.469302 0.598352 0.447849 0.598926 0.446547 0.537593
2 0.207115 0.067380 0.219083 0.048463 0.796875 0.048463 0.814161 0.073287 0.830786 0.754139 0.804854 0.861704 0.205120 0.854611 0.183844 0.764778
0 0.474734 0.247639 0.496010 0.247639 0.492021 0.531324 0.494682 0.597519 0.473406 0.598694
6 0.622516 0.348296 0.644214 0.349676 0.646927 0.559093 0.643443 0.594907 0.622516 0.592157 0.624844 0.555648
3 0.411427 0.347343 0.421844 0.348574 0.417677 0.532528 0.420458 0.593019 0.407958 0.591787 0.405177 0.537463 0.405875 0.517713
0 0.420875 0.247639 0.442156 0.247639 0.438167 0.531324 0.440823 0.597519 0.419547 0.598694
6 0.601969 0.345194 0.623453 0.347509 0.625729 0.477120 0.624104 0.564500 0.621823 0.596324 0.599693 0.592852 0.602620 0.567389
7 0.722224 0.317287 0.801391 0.318519 0.810417 0.577778 0.800000 0.635806 0.717359 0.634565 0.724307 0.576546
