3 0.406219 0.347917 0.416635 0.349157 0.412469 0.533102 0.415250 0.593602 0.402750 0.592361 0.399969 0.538046 0.400667 0.518287
6 0.622516 0.348296 0.644214 0.349676 0.646927 0.559093 0.643443 0.594907 0.622516 0.592157 0.624844 0.555648
7 0.722224 0.323454 0.801391 0.324694 0.810417 0.583954 0.800000 0.641972 0.717359 0.640741 0.724307 0.582713
2 0.207115 0.067380 0.219083 0.048463 0.796875 0.048463 0.814161 0.073287 0.830786 0.754139 0.804854 0.861704 0.205120 0.854611 0.183844 0.764778
7 0.519641 0.277287 0.602703 0.278722 0.604318 0.538213 0.602703 0.592694 0.518026 0.592694
3 0.714641 0.353731 0.722281 0.353731 0.725057 0.535213 0.719505 0.589528 0.709781 0.585824 0.715339 0.529037
4 0.501953 0.244611 0.520568 0.245611 0.516620 0.535361 0.515490 0.595509 0.496880 0.596519
0 0.420875 0.247639 0.442156 0.247639 0.438167 0.531324 0.440823 0.597519 0.419547 0.598694
4 0.449151 0.243639 0.470307 0.244222 0.468031 0.537019 0.468651 0.597769 0.447198 0.598352 0.445896 0.537019
1 0.683359 0.307722 0.713917 0.307722 0.716693 0.513898 0.709750 0.599083 0.680583 0.594139 0.684057 0.508954
1 0.647224 0.307407 0.677776 0.307407 0.680557 0.513583 0.673609 0.598769 0.644443 0.593824 0.647917 0.508639
0 0.472740 0.245269 0.494016 0.245269 0.490026 0.528963 0.492688 0.595157 0.471411 0.596333
6 0.600995 0.348083 0.622474 0.350398 0.624755 0.480019 0.623125 0.567389 0.620849 0.599222 0.598714 0.595750 0.601646 0.570287
