6 0.622495 0.351926 0.644193 0.353306 0.646906 0.562722 0.643417 0.598537 0.622495 0.595787 0.624818 0.559278
3 0.409474 0.352546 0.419891 0.353787 0.415724 0.537731 0.418505 0.598231 0.406005 0.596991 0.403224 0.542676 0.403922 0.522917
0 0.422208 0.240546 0.443484 0.240546 0.439495 0.524231 0.442156 0.590426 0.420875 0.591611
6 0.601318 0.349241 0.622802 0.351556 0.625078 0.481176 0.623453 0.568546 0.621172 0.600380 0.599042 0.596907 0.601969 0.571444
7 0.515651 0.290287 0.598714 0.291722 0.600328 0.551213 0.598714 0.605694 0.514036 0.605694
7 0.721526 0.322222 0.800693 0.323454 0.809724 0.582713 0.799307 0.640741 0.716667 0.639509 0.723609 0.581481
2 0.207115 0.067380 0.219083 0.048463 0.796875 0.048463 0.814161 0.073287 0.830786 0.754139 0.804854 0.861704 0.205120 0.854611 0.183844 0.764778
1 0.683036 0.311194 0.713594 0.311194 0.716370 0.517370 0.709427 0.602556 0.680260 0.597611 0.683729 0.512426
0 0.472073 0.252361 0.493349 0.252361 0.489359 0.536056 0.492021 0.602241 0.470745 0.603426
3 0.714641 0.354907 0.722281 0.354907 0.725057 0.536389 0.719505 0.590713 0.709781 0.587009 0.715339 0.530222
4 0.498573 0.249620 0.517182 0.250620 0.513234 0.540370 0.512104 0.600528 0.493495 0.601528
4 0.446552 0.248852 0.467708 0.249426 0.465427 0.542222 0.466047 0.602981 0.444599 0.603556 0.443297 0.542222
1 0.646526 0.312343 0.677083 0.312343 0.679859 0.518519 0.672917 0.603704 0.643750 0.598769 0.647224 0.513583
