3 0.719792 0.352472 0.713542 0.350000 0.712849 0.524074 0.707292 0.584565 0.718401 0.585806 0.724651 0.557407 0.723958 0.483333
1 0.682292 0.309880 0.711458 0.309880 0.713542 0.517287 0.705901 0.601231 0.676734 0.597528 0.683682 0.524694
6 0.621375 0.353509 0.643208 0.353509 0.645370 0.396176 0.645802 0.563380 0.643208 0.599130 0.621156 0.596435 0.622885 0.566843
6 0.599635 0.350889 0.619781 0.351583 0.623656 0.480398 0.623656 0.559620 0.620943 0.594065 0.598469 0.593370 0.601958 0.550667
2 0.809026 0.858028 0.832641 0.745676 0.810417 0.055556 0.210417 0.045676 0.185417 0.760491 0.211807 0.855556
7 0.515792 0.288130 0.598854 0.289556 0.600469 0.549056 0.598854 0.603537 0.514177 0.603537
0 0.469417 0.248815 0.490693 0.248815 0.486703 0.532509 0.489365 0.598704 0.468083 0.599880
1 0.646526 0.308639 0.677083 0.308639 0.679859 0.514815 0.672917 0.600000 0.643750 0.595065 0.647224 0.509880
4 0.498026 0.247139 0.518328 0.249139 0.514380 0.545907 0.512687 0.599037 0.494078 0.600046 0.494078 0.538889
7 0.721526 0.320991 0.800693 0.322222 0.809724 0.581481 0.799307 0.639509 0.716667 0.638269 0.723609 0.580250
