3 0.408333 0.356176 0.420833 0.357407 0.423609 0.587037 0.409026 0.585806 0.405557 0.505556
0 0.471406 0.253546 0.492688 0.253546 0.488698 0.537231 0.491354 0.603426 0.470078 0.604611
6 0.600797 0.352963 0.620943 0.353648 0.624818 0.482463 0.624818 0.561685 0.622109 0.596130 0.599635 0.595444 0.603120 0.552731
3 0.719792 0.353704 0.713542 0.351231 0.712849 0.525306 0.707292 0.585806 0.718401 0.587037 0.724651 0.558639 0.723958 0.484565
0 0.420214 0.255907 0.441490 0.255907 0.437500 0.539602 0.440161 0.605787 0.418880 0.606972
4 0.498005 0.253130 0.517182 0.255139 0.512672 0.550898 0.514927 0.616065 0.496880 0.615065 0.495750 0.533852
4 0.448802 0.251769 0.468750 0.252954 0.465427 0.547278 0.464760 0.613472 0.442151 0.608750 0.442151 0.543731
7 0.720833 0.323454 0.800000 0.324694 0.809026 0.583954 0.798609 0.641972 0.715974 0.640741 0.722917 0.582713
1 0.682984 0.312343 0.712151 0.312343 0.714234 0.519750 0.706599 0.603704 0.677432 0.600000 0.684375 0.527157
7 0.515792 0.286694 0.598854 0.288130 0.600469 0.547620 0.598854 0.602102 0.514177 0.602102
1 0.645833 0.312343 0.676391 0.312343 0.679167 0.518519 0.672224 0.603704 0.643057 0.598769 0.646526 0.513583
2 0.207641 0.067287 0.219443 0.045065 0.798609 0.047528 0.812500 0.067287 0.831943 0.772222 0.806250 0.858639 0.200693 0.858639 0.184724 0.747528
6 0.621375 0.352083 0.643208 0.352083 0.645370 0.394750 0.645802 0.561954 0.643208 0.597694 0.621156 0.595009 0.622885 0.565407
