7 0.515792 0.288130 0.598854 0.289556 0.600469 0.549056 0.598854 0.603537 0.514177 0.603537
6 0.621375 0.353509 0.643208 0.353509 0.645370 0.396176 0.645802 0.563380 0.643208 0.599130 0.621156 0.596435 0.622885 0.566843
1 0.682984 0.312343 0.712151 0.312343 0.714234 0.519750 0.706599 0.603704 0.677432 0.600000 0.684375 0.527157
4 0.448823 0.252991 0.468771 0.254176 0.465448 0.548500 0.464781 0.614694 0.442177 0.609972 0.442177 0.544954
6 0.600021 0.353648 0.620172 0.354333 0.624047 0.483157 0.624047 0.562380 0.621333 0.596815 0.598859 0.596130 0.602344 0.553417
7 0.720833 0.323454 0.800000 0.324694 0.809026 0.583954 0.798609 0.641972 0.715974 0.640741 0.722917 0.582713
0 0.420214 0.255907 0.441490 0.255907 0.437500 0.539602 0.440161 0.605787 0.418880 0.606972
4 0.498005 0.253130 0.517182 0.255139 0.512672 0.550898 0.514927 0.616065 0.496880 0.615065 0.495750 0.533852
1 0.645833 0.314815 0.676391 0.314815 0.679167 0.520991 0.672224 0.606176 0.643057 0.601231 0.646526 0.516046
3 0.719792 0.351231 0.713542 0.348769 0.712849 0.522843 0.707292 0.583333 0.718401 0.584565 0.724651 0.556176 0.723958 0.482102
0 0.471406 0.253546 0.492688 0.253546 0.488698 0.537231 0.491354 0.603426 0.470078 0.604611
3 0.406250 0.352472 0.418750 0.353704 0.421526 0.583333 0.406943 0.582102 0.403474 0.501852
2 0.205557 0.068519 0.217359 0.046296 0.796526 0.048769 0.810417 0.068519 0.829859 0.773454 0.804167 0.859880 0.198609 0.859880 0.182641 0.748769
