4 0.498589 0.252148 0.517766 0.254157 0.513250 0.549917 0.515505 0.615083 0.497464 0.614083 0.496333 0.532870
1 0.646526 0.308639 0.677083 0.308639 0.679859 0.514815 0.672917 0.600000 0.643750 0.595065 0.647224 0.509880
3 0.720484 0.352472 0.714234 0.350000 0.713542 0.524074 0.707984 0.584565 0.719099 0.585806 0.725349 0.557407 0.724651 0.483333
7 0.720833 0.323454 0.800000 0.324694 0.809026 0.583954 0.798609 0.641972 0.715974 0.640741 0.722917 0.582713
1 0.682984 0.312343 0.712151 0.312343 0.714234 0.519750 0.706599 0.603704 0.677432 0.600000 0.684375 0.527157
6 0.621375 0.353509 0.643208 0.353509 0.645370 0.396176 0.645802 0.563380 0.643208 0.599130 0.621156 0.596435 0.622885 0.566843
6 0.599635 0.351583 0.619781 0.352269 0.623656 0.481093 0.623656 0.560306 0.620943 0.594750 0.598469 0.594065 0.601958 0.551352
0 0.471406 0.254731 0.492688 0.254731 0.488698 0.538417 0.491354 0.604611 0.470078 0.605796
2 0.207641 0.067898 0.219443 0.045676 0.798609 0.048148 0.812500 0.067898 0.831943 0.772843 0.806250 0.859259 0.200693 0.859259 0.184724 0.748148
7 0.515792 0.288130 0.598854 0.289556 0.600469 0.549056 0.598854 0.603537 0.514177 0.603537
0 0.420214 0.255907 0.441490 0.255907 0.437500 0.539602 0.440161 0.605787 0.418880 0.606972
4 0.447813 0.254130 0.466990 0.256139 0.462479 0.551898 0.464734 0.617065 0.446688 0.616065 0.445557 0.534852
