1 0.646526 0.311111 0.677083 0.311111 0.679859 0.517287 0.672917 0.602472 0.643750 0.597528 0.647224 0.512343
0 0.471406 0.253546 0.492688 0.253546 0.488698 0.537231 0.491354 0.603426 0.470078 0.604611
2 0.207115 0.067380 0.219083 0.048463 0.796875 0.048463 0.814161 0.073287 0.830786 0.754139 0.804854 0.861704 0.205120 0.854611 0.183844 0.764778
6 0.600406 0.350889 0.620557 0.351583 0.624432 0.480398 0.624432 0.559620 0.621719 0.594065 0.599245 0.593370 0.602734 0.550667
4 0.449469 0.248222 0.469417 0.249407 0.466089 0.543731 0.465427 0.609926 0.442818 0.605204 0.442818 0.540185
1 0.683682 0.309880 0.712849 0.309880 0.714932 0.517287 0.707292 0.601231 0.678125 0.597528 0.685068 0.524694
6 0.622177 0.352083 0.644016 0.352083 0.646177 0.394750 0.646609 0.561954 0.644016 0.597704 0.621958 0.595009 0.623688 0.565407
7 0.720833 0.323454 0.800000 0.324694 0.809026 0.583954 0.798609 0.641972 0.715974 0.640741 0.722917 0.582713
3 0.719792 0.353704 0.713542 0.351231 0.712849 0.525306 0.707292 0.585806 0.718401 0.587037 0.724651 0.558639 0.723958 0.484565
7 0.516599 0.279519 0.599661 0.280954 0.601276 0.540454 0.599661 0.594935 0.514984 0.594935
0 0.422870 0.248815 0.444146 0.248815 0.440161 0.532509 0.442818 0.598704 0.421542 0.599880
4 0.498573 0.248120 0.517745 0.250120 0.513234 0.545889 0.515490 0.611056 0.497443 0.610046 0.496312 0.528843
3 0.411109 0.351852 0.419443 0.350620 0.416667 0.540741 0.418057 0.592593 0.404859 0.586417 0.402776 0.534565
