7 0.520286 0.308176 0.602635 0.312806 0.596453 0.576093 0.592547 0.631065 0.509219 0.626435
1 0.646526 0.304935 0.677083 0.304935 0.679859 0.511111 0.672917 0.596296 0.643750 0.591361 0.647224 0.506176
4 0.508229 0.599509 0.488698 0.596037 0.500417 0.244796 0.521250 0.245954
0 0.419547 0.244093 0.440823 0.244093 0.436833 0.527778 0.439495 0.593972 0.418219 0.595157
3 0.719792 0.353704 0.713542 0.351231 0.712849 0.525306 0.707292 0.585806 0.718401 0.587037 0.724651 0.558639 0.723958 0.484565
3 0.408500 0.345028 0.418917 0.346259 0.414750 0.530213 0.417526 0.590704 0.405026 0.589472 0.402250 0.535148 0.402943 0.515398
4 0.456802 0.599509 0.437271 0.596037 0.448990 0.244796 0.469823 0.245954
6 0.623781 0.349222 0.645620 0.349222 0.647781 0.391889 0.648214 0.559093 0.645620 0.594843 0.623568 0.592148 0.625297 0.562556
2 0.207115 0.067380 0.219083 0.048463 0.796875 0.048463 0.814161 0.073287 0.830786 0.754139 0.804854 0.861704 0.205120 0.854611 0.183844 0.764778
1 0.683682 0.304935 0.712849 0.304935 0.714932 0.512343 0.707292 0.596296 0.678125 0.592593 0.685068 0.519750
0 0.479276 0.244528 0.496203 0.244528 0.485135 0.523435 0.484807 0.597500 0.465932 0.598083 0.465281 0.526324
7 0.722224 0.318519 0.801391 0.319750 0.810417 0.579009 0.800000 0.637037 0.717359 0.635806 0.724307 0.577778
6 0.602151 0.349870 0.622687 0.351250 0.623078 0.559972 0.620365 0.594417 0.597891 0.591657 0.599438 0.549639
