4 0.452792 0.236407 0.472740 0.237593 0.469417 0.531917 0.468750 0.598111 0.446146 0.593380 0.446146 0.528370
1 0.683682 0.304935 0.712849 0.304935 0.714932 0.512343 0.707292 0.596296 0.678125 0.592593 0.685068 0.519750
7 0.519021 0.293861 0.602083 0.295296 0.603698 0.554787 0.602083 0.609269 0.517406 0.609269
6 0.623781 0.349222 0.645620 0.349222 0.647781 0.391889 0.648214 0.559093 0.645620 0.594843 0.623568 0.592148 0.625297 0.562556
1 0.647224 0.304935 0.677776 0.304935 0.680557 0.511111 0.673609 0.596296 0.644443 0.591361 0.647917 0.506176
2 0.207115 0.067380 0.219083 0.048463 0.796875 0.048463 0.814161 0.073287 0.830786 0.754139 0.804854 0.861704 0.205120 0.854611 0.183844 0.764778
0 0.421542 0.247639 0.442818 0.247639 0.438828 0.531324 0.441490 0.597519 0.420214 0.598694
6 0.603505 0.348139 0.624047 0.349519 0.624432 0.558241 0.621719 0.592685 0.599245 0.589926 0.600797 0.547907
4 0.500260 0.243102 0.519437 0.245111 0.514927 0.540870 0.517182 0.606037 0.499135 0.605037 0.498005 0.523824
0 0.474495 0.246046 0.495771 0.246046 0.491781 0.529731 0.494443 0.595926 0.473167 0.597111
3 0.720484 0.351231 0.714234 0.348769 0.713542 0.522843 0.707984 0.583333 0.719099 0.584565 0.725349 0.556176 0.724651 0.482102
7 0.722224 0.319750 0.801391 0.320991 0.810417 0.580250 0.800000 0.638269 0.717359 0.637037 0.724307 0.579009
3 0.410776 0.349074 0.421193 0.350315 0.417026 0.534259 0.419807 0.594759 0.407307 0.593519 0.404526 0.539204 0.405224 0.519444
