7 0.722224 0.317287 0.801391 0.318519 0.810417 0.577778 0.800000 0.635806 0.717359 0.634565 0.724307 0.576546
4 0.449151 0.243639 0.470307 0.244222 0.468031 0.537019 0.468651 0.597769 0.447198 0.598352 0.445896 0.537019
2 0.207115 0.067380 0.219083 0.048463 0.796875 0.048463 0.814161 0.073287 0.830786 0.754139 0.804854 0.861704 0.205120 0.854611 0.183844 0.764778
3 0.714641 0.350185 0.722281 0.350185 0.725057 0.531667 0.719505 0.585981 0.709781 0.582278 0.715339 0.525491
1 0.647224 0.303704 0.677776 0.303704 0.680557 0.509880 0.673609 0.595065 0.644443 0.590120 0.647917 0.504935
4 0.500828 0.242602 0.519437 0.243602 0.515490 0.533352 0.514365 0.593509 0.495750 0.594509
6 0.623208 0.347065 0.644911 0.348444 0.647620 0.557852 0.644135 0.593676 0.623208 0.590926 0.625536 0.554407
7 0.520302 0.289102 0.603370 0.290537 0.604979 0.550037 0.603370 0.604519 0.518693 0.604519
1 0.682385 0.306565 0.712943 0.306565 0.715719 0.512741 0.708776 0.597926 0.679609 0.592981 0.683078 0.507796
0 0.474734 0.247639 0.496010 0.247639 0.492021 0.531324 0.494682 0.597519 0.473406 0.598694
0 0.428974 0.243639 0.446224 0.243639 0.435484 0.520231 0.438089 0.589093 0.417255 0.597194 0.414651 0.521972 0.418229 0.395824
3 0.409151 0.347917 0.419568 0.349157 0.415401 0.533102 0.418177 0.593602 0.405677 0.592361 0.402901 0.538046 0.403594 0.518287
6 0.601969 0.345769 0.623453 0.348083 0.625729 0.477704 0.624104 0.565074 0.621823 0.596907 0.599693 0.593435 0.602620 0.567972
