7 0.721526 0.323454 0.800693 0.324694 0.809724 0.583954 0.799307 0.641972 0.716667 0.640741 0.723609 0.582713
2 0.207115 0.067380 0.219083 0.048463 0.796875 0.048463 0.814161 0.073287 0.830786 0.754139 0.804854 0.861704 0.205120 0.854611 0.183844 0.764778
1 0.681734 0.315241 0.712292 0.315241 0.715068 0.521417 0.708125 0.606602 0.678958 0.601667 0.682427 0.516481
7 0.516979 0.293833 0.600042 0.295269 0.601656 0.554759 0.600042 0.609241 0.515365 0.609241
0 0.472073 0.252361 0.493349 0.252361 0.489359 0.536056 0.492021 0.602241 0.470745 0.603426
4 0.448177 0.255213 0.469333 0.255796 0.467052 0.548583 0.467672 0.609343 0.446224 0.609926 0.444922 0.548583
3 0.713313 0.358454 0.720953 0.358454 0.723729 0.539935 0.718172 0.594259 0.708453 0.590556 0.714005 0.533769
0 0.420875 0.253546 0.442156 0.253546 0.438167 0.537231 0.440823 0.603426 0.419547 0.604611
3 0.409151 0.356019 0.419568 0.357259 0.415401 0.541204 0.418177 0.601704 0.405677 0.600463 0.402901 0.546148 0.403594 0.526389
6 0.621823 0.355704 0.643521 0.357083 0.646234 0.566500 0.642745 0.602315 0.621823 0.599565 0.624146 0.563056
6 0.600667 0.355611 0.622151 0.357926 0.624427 0.487537 0.622802 0.574917 0.620521 0.606741 0.598391 0.603269 0.601318 0.577806
4 0.498010 0.255639 0.516620 0.256639 0.512672 0.546389 0.511542 0.606537 0.492932 0.607546
1 0.646583 0.314083 0.677135 0.314083 0.679917 0.520259 0.672969 0.605444 0.643802 0.600509 0.647276 0.515324
