2 0.207115 0.067380 0.219083 0.048463 0.796875 0.048463 0.814161 0.073287 0.830786 0.754139 0.804854 0.861704 0.205120 0.854611 0.183844 0.764778
4 0.498010 0.249620 0.516620 0.250620 0.512672 0.540370 0.511542 0.600528 0.492932 0.601528
7 0.516979 0.300926 0.600042 0.302361 0.601656 0.561852 0.600042 0.616333 0.515365 0.616333
0 0.472740 0.247639 0.494016 0.247639 0.490026 0.531324 0.492688 0.597519 0.471411 0.598694
6 0.621823 0.349537 0.643521 0.350907 0.646234 0.560324 0.642745 0.596148 0.621823 0.593389 0.624146 0.556880
3 0.714641 0.353731 0.722281 0.353731 0.725057 0.535213 0.719505 0.589528 0.709781 0.585824 0.715339 0.529037
0 0.420875 0.247639 0.442156 0.247639 0.438167 0.531324 0.440823 0.597519 0.419547 0.598694
7 0.721526 0.323454 0.800693 0.324694 0.809724 0.583954 0.799307 0.641972 0.716667 0.640741 0.723609 0.582713
1 0.681083 0.307139 0.711641 0.307139 0.714417 0.513315 0.707474 0.598500 0.678307 0.593565 0.681776 0.508380
3 0.409151 0.350815 0.419568 0.352046 0.415401 0.536000 0.418177 0.596491 0.405677 0.595259 0.402901 0.540935 0.403594 0.521185
6 0.600016 0.348667 0.621500 0.350981 0.623776 0.480593 0.622151 0.567972 0.619870 0.599796 0.597740 0.596324 0.600667 0.570861
1 0.646583 0.308296 0.677135 0.308296 0.679917 0.514472 0.672969 0.599657 0.643802 0.594722 0.647276 0.509537
4 0.449151 0.248852 0.470307 0.249426 0.468031 0.542222 0.468651 0.602981 0.447198 0.603556 0.445896 0.542222
