4 0.508880 0.602398 0.489349 0.598926 0.501068 0.247694 0.521901 0.248852
7 0.520437 0.282120 0.602781 0.286750 0.596599 0.550037 0.592693 0.605009 0.509370 0.600380
1 0.645141 0.312343 0.675693 0.312343 0.678474 0.518519 0.671526 0.603704 0.642359 0.598769 0.645833 0.513583
7 0.721526 0.323454 0.800693 0.324694 0.809724 0.583954 0.799307 0.641972 0.716667 0.640741 0.723609 0.582713
6 0.598714 0.351556 0.620198 0.353870 0.622474 0.483491 0.620849 0.570861 0.618568 0.602694 0.596438 0.599222 0.599365 0.573759
6 0.621823 0.354472 0.643521 0.355852 0.646234 0.565259 0.642745 0.601083 0.621823 0.598333 0.624146 0.561815
1 0.681411 0.311194 0.711964 0.311194 0.714745 0.517370 0.707797 0.602556 0.678630 0.597611 0.682104 0.512426
2 0.207115 0.067380 0.219083 0.048463 0.796875 0.048463 0.814161 0.073287 0.830786 0.754139 0.804854 0.861704 0.205120 0.854611 0.183844 0.764778
0 0.425719 0.248852 0.442969 0.248852 0.432229 0.525444 0.434833 0.594296 0.414000 0.602398 0.411396 0.527176 0.414979 0.401037
0 0.477797 0.249426 0.494719 0.249426 0.483656 0.528333 0.483328 0.602398 0.464453 0.602981 0.463802 0.531231
3 0.405245 0.347917 0.415661 0.349157 0.411495 0.533102 0.414271 0.593602 0.401771 0.592361 0.398995 0.538046 0.399687 0.518287
4 0.457130 0.601824 0.437599 0.598352 0.449318 0.247111 0.470146 0.248269
3 0.714641 0.353731 0.722281 0.353731 0.725057 0.535213 0.719505 0.589528 0.709781 0.585824 0.715339 0.529037
