4 0.497443 0.253630 0.516052 0.254639 0.512104 0.544380 0.510979 0.604537 0.492370 0.605537
1 0.681083 0.312926 0.711641 0.312926 0.714417 0.519102 0.707474 0.604287 0.678307 0.599352 0.681776 0.514167
3 0.713313 0.358454 0.720953 0.358454 0.723729 0.539935 0.718172 0.594259 0.708453 0.590556 0.714005 0.533769
6 0.621823 0.350769 0.643521 0.352148 0.646234 0.561556 0.642745 0.597380 0.621823 0.594630 0.624146 0.558111
6 0.600016 0.351556 0.621500 0.353870 0.623776 0.483491 0.622151 0.570861 0.619870 0.602694 0.597740 0.599222 0.600667 0.573759
1 0.646583 0.308880 0.677135 0.308880 0.679917 0.515056 0.672969 0.600241 0.643802 0.595296 0.647276 0.510111
4 0.445573 0.253481 0.466729 0.254056 0.464453 0.546852 0.465068 0.607611 0.443620 0.608185 0.442318 0.546852
0 0.471406 0.253546 0.492688 0.253546 0.488698 0.537231 0.491354 0.603426 0.470078 0.604611
7 0.515651 0.282009 0.598714 0.283444 0.600328 0.542944 0.598714 0.597426 0.514036 0.597426
2 0.207115 0.067380 0.219083 0.048463 0.796875 0.048463 0.814161 0.073287 0.830786 0.754139 0.804854 0.861704 0.205120 0.854611 0.183844 0.764778
7 0.720833 0.324694 0.800000 0.325926 0.809026 0.585185 0.798609 0.643213 0.715974 0.641972 0.722917 0.583954
