7 0.514984 0.285556 0.598047 0.286991 0.599661 0.546491 0.598047 0.600972 0.513370 0.600972
2 0.207115 0.067380 0.219083 0.048463 0.796875 0.048463 0.814161 0.073287 0.830786 0.754139 0.804854 0.861704 0.205120 0.854611 0.183844 0.764778
6 0.621823 0.356944 0.643521 0.358315 0.646234 0.567731 0.642745 0.603556 0.621823 0.600796 0.624146 0.564287
0 0.468750 0.250000 0.490026 0.250000 0.486036 0.533685 0.488698 0.599880 0.467422 0.601065
3 0.713313 0.358454 0.720953 0.358454 0.723729 0.539935 0.718172 0.594259 0.708453 0.590556 0.714005 0.533769
7 0.721526 0.324694 0.800693 0.325926 0.809724 0.585185 0.799307 0.643213 0.716667 0.641972 0.723609 0.583954
1 0.681411 0.312352 0.711964 0.312352 0.714745 0.518528 0.707797 0.603713 0.678630 0.598769 0.682104 0.513583
4 0.443292 0.250583 0.464453 0.251167 0.462172 0.543963 0.462792 0.604713 0.441344 0.605296 0.440042 0.543963
0 0.416224 0.246454 0.437500 0.246454 0.433510 0.530139 0.436172 0.596333 0.414891 0.597519
6 0.598714 0.351556 0.620198 0.353870 0.622474 0.483491 0.620849 0.570861 0.618568 0.602694 0.596438 0.599222 0.599365 0.573759
1 0.646583 0.314083 0.677135 0.314083 0.679917 0.520259 0.672969 0.605444 0.643802 0.600509 0.647276 0.515324
4 0.496880 0.253630 0.515490 0.254639 0.511542 0.544380 0.510417 0.604537 0.491802 0.605537
