4 0.498573 0.250630 0.517182 0.251630 0.513234 0.541370 0.512104 0.601528 0.493495 0.602528
1 0.681734 0.315241 0.712292 0.315241 0.715068 0.521417 0.708125 0.606602 0.678958 0.601667 0.682427 0.516481
2 0.207115 0.067380 0.219083 0.048463 0.796875 0.048463 0.814161 0.073287 0.830786 0.754139 0.804854 0.861704 0.205120 0.854611 0.183844 0.764778
0 0.472073 0.252361 0.493349 0.252361 0.489359 0.536056 0.492021 0.602241 0.470745 0.603426
1 0.646583 0.314083 0.677135 0.314083 0.679917 0.520259 0.672969 0.605444 0.643802 0.600509 0.647276 0.515324
7 0.516979 0.293833 0.600042 0.295269 0.601656 0.554759 0.600042 0.609241 0.515365 0.609241
7 0.721526 0.323454 0.800693 0.324694 0.809724 0.583954 0.799307 0.641972 0.716667 0.640741 0.723609 0.582713
0 0.423536 0.250000 0.444812 0.250000 0.440823 0.533685 0.443484 0.599880 0.422208 0.601065
6 0.621823 0.354472 0.643521 0.355852 0.646234 0.565259 0.642745 0.601083 0.621823 0.598333 0.624146 0.561815
3 0.409151 0.356019 0.419568 0.357259 0.415401 0.541204 0.418177 0.601704 0.405677 0.600463 0.402901 0.546148 0.403594 0.526389
6 0.600667 0.355611 0.622151 0.357926 0.624427 0.487537 0.622802 0.574917 0.620521 0.606741 0.598391 0.603269 0.601318 0.577806
4 0.448177 0.251167 0.469333 0.251741 0.467052 0.544537 0.467672 0.605296 0.446224 0.605870 0.444922 0.544537
3 0.713313 0.358454 0.720953 0.358454 0.723729 0.539935 0.718172 0.594259 0.708453 0.590556 0.714005 0.533769
